0
//Stage      Monster      MapNumber      Range      PositionX      PositionY      Direction      Comment
0   85   11 30   13   45  0
0   88   11 30   13   78  0
0   86   11 30   15   46  0
0   88   11 30   14   83  0
0   88   11 30   14   78  0
0   86   11 30   15   63  0
0   87   11 30   13   69  0
0   84   11 30   14   34  0
0   86   11 30   15   53  0
0   85   11 30   13   23  0
0   85   11 30   15   43  0
0   84   11 30   14   38  0
0   86   11 30   13   65  0
0   88   11 30   15   78  0
0   86   11 30   13   67  0
0   87   11 30   14   61  0
0   88   11 30   16   80  0
0   86   11 30   15   59  0
0   86   11 30   13   59  0
0   86   11 30   15   55  0
0   85   11 30   15   39  0
0   84   11 30   13   35  0
0   86   11 30   13   62  0
0   87   11 30   13   55  0
0   85   11 30   15   37  0
0   84   11 30   13   28  0
0   85   11 30   13   29  0
0   85   11 30   15   28  0
0   85   11 30   13   25  0
0   85   11 30   13   21  0
0   85   11 30   14   22  0
0   85   11 30   15   21  0
0   85   11 30   13   31  0
0   85   11 30   15   30  0
0   85   11 30   15   33  0
0   87   11 30   14   58  0
0   84   11 30   15   35  0
0   84   11 30   14   33  0
0   84   11 30   15   41  0
0   84   11 30   14   42  0
0   85   11 30   14   21  0
0   84   11 30   15   25  0
0   84   11 30   15   23  0
0   84   11 30   13   26  0
0   86   11 30   13   41  0
0   86   11 30   15   69  0
0   84   11 30   13   37  0
0   85   11 30   13   43  0
0   86   11 30   13   50  0
0   86   11 30   15   48  0
0   86   11 30   13   46  0
0   88   11 30   15   62  0
0   87   11 30   14   52  0
0   87   11 30   15   50  0
0   87   11 30   15   66  0
0   89   11 30   16   87  0
0   89   11 30   12   81  0
0   88   11 30   17   83  0
0   88   11 30   14   90  0
0   88   11 30   11   83  0
0   89   11 30   13   88  0
0   89   11 30   13   85  0
0   89   11 30   19   85  0
0   89   11 30   13   93  0
0   88   11 30   15   94  0
0   84   11 30   14   40  0
0   89   11 30   14   80  0
0   89   11 30   18   81  0
0   84   11 30   13   39  0
0   88   11 30   20   82  0
0   88   11 30   20   88  0
0   84   11 30   14   27  0
0   84   11 30   14   24  0
0   84   11 30   14   32  0
0   86   11 30   14   44  0
0   86   11 30   15   51  0
0   86   11 30   14   49  0
0   87   11 30   14   56  0
0   86   11 30   15   57  0
0   86   11 30   14   64  0
0   86   11 30   14   67  0
0   87   11 30   14   70  0
0   86   11 30   13   53  0
0   84   11 30   15   45  0
0   88   11 30   14   54  0
0   88   11 30   14   36  0
0   88   11 30   15   68  0
0   87   11 30   13   48  0
0   88   11 30   14   47  0
0   87   11 30   13   63  0
0   86   11 30   15   65  0
0   86   11 30   15   60  0
0   86   11 30   13   57  0
0   84   11 30   15   31  0
0   85   11 30   15   26  0
1            089          11             30         016            087            *              //Magic Skeleton
1            089          11             30         014            080            *              //Magic Skeleton
1            089          11             30         018            081            *              //Magic Skeleton
1            089          11             30         016            088            *              //Magic Skeleton
1            089          11             30         014            082            *              //Magic Skeleton
1            089          11             30         018            082            *              //Magic Skeleton

end

1
//Stage      Monster      MapNumber      Range      PositionX      PositionY      Direction      Comment0   97   13 30   13   45  2
0 91   12 30   13   45  1
0   94   12 30   13   78  1
0   92   12 30   15   46  1
0   94   12 30   14   83  1
0   94   12 30   14   78  1
0   92   12 30   15   63  1
0   93   12 30   13   69  1
0   90   12 30   14   34  1
0   92   12 30   15   53  1
0   91   12 30   13   23  1
0   91   12 30   15   43  1
0   90   12 30   14   38  1
0   92   12 30   13   65  1
0   94   12 30   15   78  1
0   92   12 30   13   67  1
0   93   12 30   14   61  1
0   94   12 30   16   80  1
0   92   12 30   15   59  1
0   92   12 30   13   59  1
0   92   12 30   15   55  1
0   91   12 30   15   39  1
0   90   12 30   13   35  1
0   92   12 30   13   62  1
0   93   12 30   13   55  1
0   91   12 30   15   37  1
0   90   12 30   13   28  1
0   91   12 30   13   29  1
0   91   12 30   15   28  1
0   91   12 30   13   25  1
0   91   12 30   13   21  1
0   91   12 30   14   22  1
0   91   12 30   15   21  1
0   91   12 30   13   31  1
0   91   12 30   15   30  1
0   91   12 30   15   33  1
0   93   12 30   14   58  1
0   90   12 30   15   35  1
0   90   12 30   14   33  1
0   90   12 30   15   41  1
0   90   12 30   14   42  1
0   91   12 30   14   21  1
0   90   12 30   15   25  1
0   90   12 30   15   23  1
0   90   12 30   13   26  1
0   92   12 30   13   41  1
0   92   12 30   15   69  1
0   90   12 30   13   37  1
0   91   12 30   13   43  1
0   92   12 30   13   50  1
0   92   12 30   15   48  1
0   92   12 30   13   46  1
0   94   12 30   15   62  1
0   93   12 30   14   52  1
0   93   12 30   15   50  1
0   93   12 30   15   66  1
0   95   12 30   16   87  1
0   95   12 30   12   81  1
0   94   12 30   17   83  1
0   94   12 30   14   90  1
0   94   12 30   11   83  1
0   95   12 30   13   88  1
0   95   12 30   13   85  1
0   95   12 30   19   85  1
0   95   12 30   13   93  1
0   94   12 30   15   94  1
0   90   12 30   14   40  1
0   95   12 30   14   80  1
0   95   12 30   18   81  1
0   90   12 30   13   39  1
0   94   12 30   20   82  1
0   94   12 30   20   88  1
0   90   12 30   14   27  1
0   90   12 30   14   24  1
0   90   12 30   14   32  1
0   92   12 30   14   44  1
0   92   12 30   15   51  1
0   92   12 30   14   49  1
0   93   12 30   14   56  1
0   92   12 30   15   57  1
0   92   12 30   14   64  1
0   92   12 30   14   67  1
0   93   12 30   14   70  1
0   92   12 30   13   53  1
0   90   12 30   15   45  1
0   94   12 30   14   54  1
0   94   12 30   14   36  1
0   94   12 30   15   68  1
0   93   12 30   13   48  1
0   94   12 30   14   47  1
0   93   12 30   13   63  1
0   92   12 30   15   65  1
0   92   12 30   15   60  1
0   92   12 30   13   57  1
0   90   12 30   15   31  1
0   91   12 30   15   26  1
1            095          12             30         014            080            *              //Magic Skeleton
1            095          12             30         018            081            *              //Magic Skeleton
1            095          12             30         014            080            *              //Magic Skeleton
1            095          12             30         018            081            *              //Magic Skeleton
end

2
//Stage      Monster      MapNumber      Range      PositionX      PositionY      Direction      Comment0   114   14 30   13   45  3
0   97   13 30   13   45  2
0   111  13 30   13   78  2
0   98   13 30   15   46  2
0   111  13 30   14   83  2
0   111  13 30   14   78  2
0   98   13 30   15   63  2
0   99   13 30   13   69  2
0   96   13 30   14   34  2
0   98   13 30   15   53  2
0   97   13 30   13   23  2
0   97   13 30   15   43  2
0   96   13 30   14   38  2
0   98   13 30   13   65  2
0   111  13 30   15   78  2
0   98   13 30   13   67  2
0   99   13 30   14   61  2
0   111  13 30   16   80  2
0   98   13 30   15   59  2
0   98   13 30   13   59  2
0   98   13 30   15   55  2
0   97   13 30   15   39  2
0   96   13 30   13   35  2
0   98   13 30   13   62  2
0   99   13 30   13   55  2
0   97   13 30   15   37  2
0   96   13 30   13   28  2
0   97   13 30   13   29  2
0   97   13 30   15   28  2
0   97   13 30   13   25  2
0   97   13 30   13   21  2
0   97   13 30   14   22  2
0   97   13 30   15   21  2
0   97   13 30   13   31  2
0   97   13 30   15   30  2
0   97   13 30   15   33  2
0   99   13 30   14   58  2
0   96   13 30   15   35  2
0   96   13 30   14   33  2
0   96   13 30   15   41  2
0   96   13 30   14   42  2
0   97   13 30   14   21  2
0   96   13 30   15   25  2
0   96   13 30   15   23  2
0   96   13 30   13   26  2
0   98   13 30   13   41  2
0   98   13 30   15   69  2
0   96   13 30   13   37  2
0   97   13 30   13   43  2
0   98   13 30   13   50  2
0   98   13 30   15   48  2
0   98   13 30   13   46  2
0   111  13 30   15   62  2
0   99   13 30   14   52  2
0   99   13 30   15   50  2
0   99   13 30   15   66  2
0   112  13 30   16   87  2
0   112  13 30   12   81  2
0   111  13 30   17   83  2
0   111  13 30   14   90  2
0   111  13 30   11   83  2
0   112  13 30   13   88  2
0   112  13 30   13   85  2
0   112  13 30   19   85  2
0   112  13 30   13   93  2
0   111  13 30   15   94  2
0   96   13 30   14   40  2
0   112  13 30   14   80  2
0   112  13 30   18   81  2
0   96   13 30   13   39  2
0   111  13 30   20   82  2
0   111  13 30   20   88  2
0   96   13 30   14   27  2
0   96   13 30   14   24  2
0   96   13 30   14   32  2
0   98   13 30   14   44  2
0   98   13 30   15   51  2
0   98   13 30   14   49  2
0   99   13 30   14   56  2
0   98   13 30   15   57  2
0   98   13 30   14   64  2
0   98   13 30   14   67  2
0   99   13 30   14   70  2
0   98   13 30   13   53  2
0   96   13 30   15   45  2
0   111  13 30   14   54  2
0   111  13 30   14   36  2
0   111  13 30   15   68  2
0   99   13 30   13   48  2
0   111  13 30   14   47  2
0   99   13 30   13   63  2
0   98   13 30   15   65  2
0   98   13 30   15   60  2
0   98   13 30   13   57  2
0   96   13 30   15   31  2
0   97   13 30   15   26  2
1            112          13             30         016            087            *              //Magic Skeleton
1            112          13             30         012            081            *              //Magic Skeleton
1            112          13             30         013            088            *              //Magic Skeleton
1            112          13             30         013            085            *              //Magic Skeleton
end

3
//Stage      Monster      MapNumber      Range      PositionX      PositionY      Direction      Comment
0   114   14 30   13   45  3
0   117   14 30   13   78  3
0   115   14 30   15   46  3
0   117   14 30   14   83  3
0   117   14 30   14   78  3
0   115   14 30   15   63  3
0   116   14 30   13   69  3
0   113   14 30   14   34  3
0   115   14 30   15   53  3
0   114   14 30   13   23  3
0   114   14 30   15   43  3
0   113   14 30   14   38  3
0   115   14 30   13   65  3
0   117   14 30   15   78  3
0   115   14 30   13   67  3
0   116   14 30   14   61  3
0   117   14 30   16   80  3
0   115   14 30   15   59  3
0   115   14 30   13   59  3 
0   115   14 30   15   55  3
0   114   14 30   15   39  3
0   113   14 30   13   35  3
0   115   14 30   13   62  3
0   116   14 30   13   55  3
0   114   14 30   15   37  3
0   113   14 30   13   28  3
0   114   14 30   13   29  3
0   114   14 30   15   28  3
0   114   14 30   13   25  3
0   114   14 30   13   21  3
0   114   14 30   14   22  3
0   114   14 30   15   21  3
0   114   14 30   13   31  3
0   114   14 30   15   30  3
0   114   14 30   15   33  3
0   116   14 30   14   58  3
0   113   14 30   15   35  3
0   113   14 30   14   33  3
0   113   14 30   15   41  3
0   113   14 30   14   42  3
0   114   14 30   14   21  3
0   113   14 30   15   25  3
0   113   14 30   15   23  3
0   113   14 30   13   26  3
0   115   14 30   13   41  3
0   115   14 30   15   69  3
0   113   14 30   13   37  3
0   114   14 30   13   43  3
0   115   14 30   13   50  3
0   115   14 30   15   48  3
0   115   14 30   13   46  3
0   117   14 30   15   62  3
0   116   14 30   14   52  3
0   116   14 30   15   50  3
0   116   14 30   15   66  3
0   118   14 30   16   87  3
0   118   14 30   12   81  3
0   117   14 30   17   83  3
0   117   14 30   14   90  3
0   117   14 30   11   83  3
0   118   14 30   13   88  3
0   118   14 30   13   85  3
0   118   14 30   19   85  3
0   118   14 30   13   93  3
0   117   14 30   15   94  3
0   113   14 30   14   40  3
0   118   14 30   14   80  3
0   118   14 30   18   81  3
0   113   14 30   13   39  3
0   117   14 30   20   82  3
0   117   14 30   20   88  3
0   113   14 30   14   27  3
0   113   14 30   14   24  3
0   113   14 30   14   32  3
0   115   14 30   14   44  3
0   115   14 30   15   51  3
0   115   14 30   14   49  3
0   116   14 30   14   56  3
0   115   14 30   15   57  3
0   115   14 30   14   64  3
0   115   14 30   14   67  3
0   116   14 30   14   70  3
0   115   14 30   13   53  3
0   113   14 30   15   45  3
0   117   14 30   14   54  3
0   117   14 30   14   36  3
0   117   14 30   15   68  3
0   116   14 30   13   48  3
0   117   14 30   14   47  3
0   116   14 30   13   63  3
0   115   14 30   15   65  3
0   115   14 30   15   60  3
0   115   14 30   13   57  3
0   113   14 30   15   31  3
0   114   14 30   15   26  3
1            118          14             30         013            093            *              //Magic Skeleton
1            118          14             30         014            080            *              //Magic Skeleton
1            118          14             30         018            081            *              //Magic Skeleton
end

4
//Stage      Monster      MapNumber      Range      PositionX      PositionY      Direction      Comment
0   120   15 30   13   45  4
0   123   15 30   13   78  4
0   121   15 30   15   46  4
0   123   15 30   14   83  4
0   123   15 30   14   78  4
0   121   15 30   15   63  4
0   122   15 30   13   69  4
0   119   15 30   14   34  4
0   121   15 30   15   53  4
0   120   15 30   13   23  4
0   120   15 30   15   43  4
0   119   15 30   14   38  4
0   121   15 30   13   65  4
0   123   15 30   15   78  4
0   121   15 30   13   67  4
0   122   15 30   14   61  4
0   123   15 30   16   80  4
0   121   15 30   15   59  4
0   121   15 30   13   59  4
0   121   15 30   15   55  4
0   120   15 30   15   39  4
0   119   15 30   13   35  4
0   121   15 30   13   62  4
0   122   15 30   13   55  4
0   120   15 30   15   37  4
0   119   15 30   13   28  4
0   120   15 30   13   29  4
0   120   15 30   15   28  4
0   120   15 30   13   25  4
0   120   15 30   13   21  4
0   120   15 30   14   22  4
0   120   15 30   15   21  4
0   120   15 30   13   31  4
0   120   15 30   15   30  4
0   120   15 30   15   33  4
0   122   15 30   14   58  4
0   119   15 30   15   35  4
0   119   15 30   14   33  4
0   119   15 30   15   41  4
0   119   15 30   14   42  4
0   120   15 30   14   21  4
0   119   15 30   15   25  4
0   119   15 30   15   23  4
0   119   15 30   13   26  4
0   121   15 30   13   41  4
0   121   15 30   15   69  4
0   119   15 30   13   37  4
0   120   15 30   13   43  4
0   121   15 30   13   50  4
0   121   15 30   15   48  4
0   121   15 30   13   46  4
0   123   15 30   15   62  4
0   122   15 30   14   52  4
0   122   15 30   15   50  4
0   122   15 30   15   66  4
0   124   15 30   16   87  4
0   124   15 30   12   81  4
0   123   15 30   17   83  4
0   123   15 30   14   90  4
0   123   15 30   11   83  4
0   124   15 30   13   88  4
0   124   15 30   13   85  4
0   124   15 30   19   85  4
0   124   15 30   13   93  4
0   123   15 30   15   94  4
0   119   15 30   14   40  4
0   124   15 30   14   80  4
0   124   15 30   18   81  4
0   119   15 30   13   39  4
0   123   15 30   20   82  4
0   123   15 30   20   88  4
0   119   15 30   14   27  4
0   119   15 30   14   24  4
0   119   15 30   14   32  4
0   121   15 30   14   44  4
0   121   15 30   15   51  4
0   121   15 30   14   49  4
0   122   15 30   14   56  4
0   121   15 30   15   57  4
0   121   15 30   14   64  4
0   121   15 30   14   67  4
0   122   15 30   14   70  4
0   121   15 30   13   53  4
0   119   15 30   15   45  4
0   123   15 30   14   54  4
0   123   15 30   14   36  4
0   123   15 30   15   68  4
0   122   15 30   13   48  4
0   123   15 30   14   47  4
0   122   15 30   13   63  4
0   121   15 30   15   65  4
0   121   15 30   15   60  4
0   121   15 30   13   57  4
0   119   15 30   15   31  4
0   120   15 30   15   26  4
1            124          15             30         016            087            *              //Magic Skeleton
1            124          15             30         013            093            *              //Magic Skeleton
1            124          15             30         014            080            *              //Magic Skeleton
1            124          15             30         018            081            *              //Magic Skeleton
end

5
//Stage      Monster      MapNumber      Range      PositionX      PositionY      Direction      Comment0   126   16 30   13   45  5
0   129   16 30   13   78  5
0   127   16 30   15   46  5
0   129   16 30   14   83  5
0   129   16 30   14   78  5
0   127   16 30   15   63  5
0   128   16 30   13   69  5
0   125   16 30   14   34  5
0   127   16 30   15   53  5
0   126   16 30   13   23  5
0   126   16 30   15   43  5
0   125   16 30   14   38  5
0   127   16 30   13   65  5
0   129   16 30   15   78  5
0   127   16 30   13   67  5
0   128   16 30   14   61  5
0   129   16 30   16   80  5
0   127   16 30   15   59  5
0   127   16 30   13   59  5
0   127   16 30   15   55  5
0   126   16 30   15   39  5
0   125   16 30   13   35  5
0   127   16 30   13   62  5
0   128   16 30   13   55  5
0   126   16 30   15   37  5
0   125   16 30   13   28  5
0   126   16 30   13   29  5
0   126   16 30   15   28  5
0   126   16 30   13   25  5
0   126   16 30   13   21  5
0   126   16 30   14   22  5
0   126   16 30   15   21  5
0   126   16 30   13   31  5
0   126   16 30   15   30  5
0   126   16 30   15   33  5
0   128   16 30   14   58  5
0   125   16 30   15   35  5
0   125   16 30   14   33  5
0   125   16 30   15   41  5
0   125   16 30   14   42  5
0   126   16 30   14   21  5
0   125   16 30   15   25  5
0   125   16 30   15   23  5
0   125   16 30   13   26  5
0   127   16 30   13   41  5
0   127   16 30   15   69  5
0   125   16 30   13   37  5
0   126   16 30   13   43  5
0   127   16 30   13   50  5
0   127   16 30   15   48  5
0   127   16 30   13   46  5
0   129   16 30   15   62  5
0   128   16 30   14   52  5
0   128   16 30   15   50  5
0   128   16 30   15   66  5
0   130   16 30   16   87  5
0   130   16 30   12   81  5
0   129   16 30   17   83  5
0   129   16 30   14   90  5
0   129   16 30   11   83  5
0   130   16 30   13   88  5
0   130   16 30   13   85  5
0   130   16 30   19   85  5
0   130   16 30   13   93  5
0   129   16 30   15   94  5
0   125   16 30   14   40  5
0   130   16 30   14   80  5
0   130   16 30   18   81  5
0   125   16 30   13   39  5
0   129   16 30   20   82  5
0   129   16 30   20   88  5
0   125   16 30   14   27  5
0   125   16 30   14   24  5
0   125   16 30   14   32  5
0   127   16 30   14   44  5
0   127   16 30   15   51  5
0   127   16 30   14   49  5
0   128   16 30   14   56  5
0   127   16 30   15   57  5
0   127   16 30   14   64  5
0   127   16 30   14   67  5
0   128   16 30   14   70  5
0   127   16 30   13   53  5
0   125   16 30   15   45  5
0   129   16 30   14   54  5
0   129   16 30   14   36  5
0   129   16 30   15   68  5
0   128   16 30   13   48  5
0   129   16 30   14   47  5
0   128   16 30   13   63  5
0   127   16 30   15   65  5
0   127   16 30   15   60  5
0   127   16 30   13   57  5
0   125   16 30   15   31  5
0   126   16 30   15   26  5
1            130          16             30         016            087            *              //Magic Skeleton
1            130          16             30         014            080            *              //Magic Skeleton
1            130          16             30         018            081            *              //Magic Skeleton
end

6
//Stage      Monster      MapNumber      Range      PositionX      PositionY      Direction      Comment0   139   17 30   13   45  6
0   142   17 30   13   78  6
0   140   17 30   15   46  6
0   142   17 30   14   83  6
0   142   17 30   14   78  6
0   140   17 30   15   63  6
0   141   17 30   13   69  6
0   138   17 30   14   34  6
0   140   17 30   15   53  6
0   139   17 30   13   23  6
0   139   17 30   15   43  6
0   138   17 30   14   38  6
0   140   17 30   13   65  6
0   142   17 30   15   78  6
0   140   17 30   13   67  6
0   141   17 30   14   61  6
0   142   17 30   16   80  6
0   140   17 30   15   59  6
0   140   17 30   13   59  6
0   140   17 30   15   55  6
0   139   17 30   15   39  6
0   138   17 30   13   35  6
0   140   17 30   13   62  6
0   141   17 30   13   55  6
0   139   17 30   15   37  6
0   138   17 30   13   28  6
0   139   17 30   13   29  6
0   139   17 30   15   28  6
0   139   17 30   13   25  6
0   139   17 30   13   21  6
0   139   17 30   14   22  6
0   139   17 30   15   21  6
0   139   17 30   13   31  6
0   139   17 30   15   30  6
0   139   17 30   15   33  6
0   141   17 30   14   58  6
0   138   17 30   15   35  6
0   138   17 30   14   33  6
0   138   17 30   15   41  6
0   138   17 30   14   42  6
0   139   17 30   14   21  6
0   138   17 30   15   25  6
0   138   17 30   15   23  6
0   138   17 30   13   26  6
0   140   17 30   13   41  6
0   140   17 30   15   69  6
0   138   17 30   13   37  6
0   139   17 30   13   43  6
0   140   17 30   13   50  6
0   140   17 30   15   48  6
0   140   17 30   13   46  6
0   142   17 30   15   62  6
0   141   17 30   14   52  6
0   141   17 30   15   50  6
0   141   17 30   15   66  6
0   143   17 30   16   87  6
0   143   17 30   12   81  6
0   142   17 30   17   83  6
0   142   17 30   14   90  6
0   142   17 30   11   83  6
0   143   17 30   13   88  6
0   143   17 30   13   85  6
0   143   17 30   19   85  6
0   143   17 30   13   93  6
0   142   17 30   15   94  6
0   138   17 30   14   40  6
0   143   17 30   14   80  6
0   143   17 30   18   81  6
0   138   17 30   13   39  6
0   142   17 30   20   82  6
0   142   17 30   20   88  6
0   138   17 30   14   27  6
0   138   17 30   14   24  6
0   138   17 30   14   32  6
0   140   17 30   14   44  6
0   140   17 30   15   51  6
0   140   17 30   14   49  6
0   141   17 30   14   56  6
0   140   17 30   15   57  6
0   140   17 30   14   64  6
0   140   17 30   14   67  6
0   141   17 30   14   70  6
0   140   17 30   13   53  6
0   138   17 30   15   45  6
0   142   17 30   14   54  6
0   142   17 30   14   36  6
0   142   17 30   15   68  6
0   141   17 30   13   48  6
0   142   17 30   14   47  6
0   141   17 30   13   63  6
0   140   17 30   15   65  6
0   140   17 30   15   60  6
0   140   17 30   13   57  6
0   138   17 30   15   31  6
0   139   17 30   15   26  6
1            143          17             30         019            085            *              //Magic Skeleton
1            143          17             30         013            093            *              //Magic Skeleton
end

7
//Stage      Monster      MapNumber      Range      PositionX      PositionY      Direction      Comment
0   429   52 30   13   45  6
0   432   52 30   13   78  6
0   430   52 30   15   46  6
0   432   52 30   14   83  6
0   432   52 30   14   78  6
0   430   52 30   15   63  6
0   431   52 30   13   69  6
0   428   52 30   14   34  6
0   430   52 30   15   53  6
0   429   52 30   13   23  6
0   429   52 30   15   43  6
0   428   52 30   14   38  6
0   430   52 30   13   65  6
0   432   52 30   15   78  6
0   430   52 30   13   67  6
0   431   52 30   14   61  6
0   432   52 30   16   80  6
0   430   52 30   15   59  6
0   430   52 30   13   59  6
0   430   52 30   15   55  6
0   429   52 30   15   39  6
0   428   52 30   13   35  6
0   430   52 30   13   62  6
0   431   52 30   13   55  6
0   429   52 30   15   37  6
0   428   52 30   13   28  6
0   429   52 30   13   29  6
0   429   52 30   15   28  6
0   429   52 30   13   25  6
0   429   52 30   13   21  6
0   429   52 30   14   22  6
0   429   52 30   15   21  6
0   429   52 30   13   31  6
0   429   52 30   15   30  6
0   429   52 30   15   33  6
0   431   52 30   14   58  6
0   428   52 30   15   35  6
0   428   52 30   14   33  6
0   428   52 30   15   41  6
0   428   52 30   14   42  6
0   429   52 30   14   21  6
0   428   52 30   15   25  6
0   428   52 30   15   23  6
0   428   52 30   13   26  6
0   430   52 30   13   41  6
0   430   52 30   15   69  6
0   428   52 30   13   37  6
0   429   52 30   13   43  6
0   430   52 30   13   50  6
0   430   52 30   15   48  6
0   430   52 30   13   46  6
0   432   52 30   15   62  6
0   431   52 30   14   52  6
0   431   52 30   15   50  6
0   431   52 30   15   66  6
0   433   52 30   16   87  6
0   433   52 30   12   81  6
0   432   52 30   17   83  6
0   432   52 30   14   90  6
0   432   52 30   11   83  6
0   433   52 30   13   88  6
0   433   52 30   13   85  6
0   433   52 30   19   85  6
0   433   52 30   13   93  6
0   432   52 30   15   94  6
0   428   52 30   14   40  6
0   433   52 30   14   80  6
0   433   52 30   18   81  6
0   428   52 30   13   39  6
0   432   52 30   20   82  6
0   432   52 30   20   88  6
0   428   52 30   14   27  6
0   428   52 30   14   24  6
0   428   52 30   14   32  6
0   430   52 30   14   44  6
0   430   52 30   15   51  6
0   430   52 30   14   49  6
0   431   52 30   14   56  6
0   430   52 30   15   57  6
0   430   52 30   14   64  6
0   430   52 30   14   67  6
0   431   52 30   14   70  6
0   430   52 30   13   53  6
0   428   52 30   15   45  6
0   432   52 30   14   54  6
0   432   52 30   14   36  6
0   432   52 30   15   68  6
0   431   52 30   13   48  6
0   432   52 30   14   47  6
0   431   52 30   13   63  6
0   430   52 30   15   65  6
0   430   52 30   15   60  6
0   430   52 30   13   57  6
0   428   52 30   15   31  6
0   429   52 30   15   26  6
1            433          52             30         016            087            *              //Magic Skeleton
1            433          52             30         012            081            *              //Magic Skeleton
1            433          52             30         013            088            *              //Magic Skeleton
1            433          52             30         013            085            *              //Magic Skeleton
1            433          52             30         019            085            *              //Magic Skeleton
1            433          52             30         013            093            *              //Magic Skeleton
1            433          52             30         014            080            *              //Magic Skeleton
1            433          52             30         018            081            *              //Magic Skeleton
end