//Index	Type	Name			Level	MaxLife	MaxMana	DamageMin	DamageMax	Defense	MagicDefense	AttackRate	DefenseRate	MoveRange	AttackType	AttackRange	ViewRange	MoveSpeed	AttackSpeed	RegenTime	Attribute	ItemRate	MoneyRate	MaxItemLevel	MonsterSkill	Resistance1	Resistance2	Resistance3	Resistance4	Resistance5	Resistance6	Resistance7
0	0	"Bull Fighter"		6	100	0	16	20	6	0	28	6	3	0	1	5	400	1600	10	2	130	20	6	0	0	0	0	0	0	0	0
1	0	"Hound"			9	140	0	22	27	9	0	39	9	3	0	1	5	400	1600	10	2	130	20	6	0	0	0	0	0	0	0	0
2	0	"Budge Dragon"		4	60	0	10	13	3	0	18	3	3	0	1	4	400	2000	10	2	120	20	6	0	0	0	0	0	0	0	0
3	0	"Spider"		2	30	0	4	7	1	0	8	1	2	0	1	5	400	1800	10	2	120	20	6	0	0	0	0	0	0	0	0
4	0	"Elite Bull Fighter"	12	190	0	31	36	12	0	50	12	3	0	1	4	400	1400	10	2	140	24	6	0	0	0	0	0	0	0	0
5	0	"Hell Hound"		38	1400	0	125	130	55	0	190	45	3	0	1	4	400	1200	10	2	190	28	6	0	1	1	1	3	0	0	0
6	0	"LIch"			14	255	0	41	46	14	0	62	14	3	2	4	7	400	2000	10	2	150	24	6	0	0	0	0	1	0	0	0
7	0	"Giant"			17	400	0	57	62	18	0	80	18	2	0	2	3	400	2200	10	2	150	24	6	0	0	0	0	0	0	0	0
8	0	"Poison Bull Fighter"	46	2500	0	145	150	75	0	230	61	3	1	1	5	400	1400	10	2	190	46	3	0	6	2	2	2	0	0	0
9	0	"Thunder Lich"		44	2000	0	140	145	70	0	220	55	3	3	4	7	400	2200	10	2	190	28	3	0	2	2	3	2	0	0	0
10	0	"Dark Knight"		48	3000	0	150	155	80	0	240	70	3	0	1	5	400	1400	10	2	200	28	3	0	3	3	3	5	0	0	0
11	0	"Ghost"			32	1000	0	110	115	40	0	160	39	3	0	1	5	400	1400	10	2	190	46	6	0	2	2	2	2	0	0	0
12	0	"Larva"			25	750	0	90	95	31	0	125	31	3	1	1	4	400	1800	10	2	200	28	6	0	2	0	0	0	0	0	0
13	0	"Hell Spider"		40	1600	0	130	135	60	0	200	47	3	11	4	7	400	1600	10	2	190	28	6	0	3	1	1	1	0	0	0
14	0	"Skeleton"		19	525	0	68	74	22	0	93	22	2	0	1	4	400	1400	10	2	160	24	6	0	0	0	0	0	0	0	0
15	0	"Skeleton Archer"	34	1100	0	115	120	45	0	170	41	2	0	5	7	400	2000	10	2	190	28	6	0	1	1	1	1	0	0	0
16	0      "Chief Skeleton Warrior"	42	1800	0	135	140	65	0	210	49	2	0	1	4	400	1600	10	2	190	28	4	0	1	1	1	1	0	0	0
17	0	"Cyclops"		28	850	0	100	105	35	0	140	35	3	0	1	4	400	1600	10	2	170	28	6	0	2	0	0	0	0	0	0
18	0	"Gorgon"		55	6000	0	165	175	100	0	275	82	3	0	1	7	400	1600	150	2	160	28	3	0	6	6	6	6	0	0	0
19	0	"Yeti"			30	900	0	105	110	37	0	150	37	2	17	4	6	400	2000	10	2	180	28	6	0	0	3	0	0	0	0	0
20	0	"Elite Yeti"		36	1200	0	120	125	50	0	180	43	3	0	1	6	400	1400	10	2	180	46	6	0	1	4	1	1	0	0	0
21	0	"Assassin"		26	800	0	95	100	33	0	130	33	2	0	1	7	400	2000	10	2	180	28	6	0	0	0	0	0	0	0	0
22	0	"Ice Monster"		22	650	0	80	85	27	0	110	27	2	7	1	5	400	2000	10	2	170	28	6	0	0	3	0	0	0	0	0
23	0	"Hommerd"		24	700	0	85	90	29	0	120	29	3	0	1	5	400	1600	10	2	170	28	6	0	0	3	0	0	0	0	0
24	0	"Worm"			20	600	0	75	80	25	0	100	25	3	0	1	4	400	1600	10	2	160	28	6	0	0	2	0	0	0	0	0
25	0	"Ice Queen"		52	4000	0	155	165	90	0	260	76	3	11	4	7	400	1400	50	2	180	28	3	0	4	5	4	4	0	0	0
26	0	"Goblin"		3	45	0	7	10	2	0	13	2	2	0	1	4	400	1800	10	2	120	20	6	0	0	0	0	0	0	0	0
27	0	"Chain Scorpion"	5	80	0	13	17	4	0	23	4	3	0	1	4	400	1800	10	2	120	20	6	0	0	0	0	0	0	0	0
28	0	"Beetle Monster"	10	165	0	26	31	10	0	44	10	3	0	1	5	400	1600	10	2	140	20	6	0	0	0	0	0	0	0	0
29	0	"Hunter"		13	220	0	36	41	13	0	56	13	3	0	4	4	400	1600	10	2	140	24	6	0	0	0	0	0	0	0	0
30	0	"Forest Monster"	15	295	0	46	51	15	0	68	15	3	0	1	4	400	1600	10	2	150	24	6	0	0	0	0	0	0	0	0
31	0	"Agon"			16	340	0	51	57	16	0	74	16	2	0	1	4	400	1400	10	2	150	24	6	0	0	0	0	0	0	0	0
32	0	"Stone Golem"		18	465	0	62	68	20	0	86	20	2	0	2	3	400	2200	10	2	160	24	6	0	0	0	0	0	0	0	0
33	0	"Elite Goblin"		8	120	0	19	23	8	0	33	8	3	0	1	5	400	1600	10	2	130	20	6	0	0	0	0	0	0	0	0
34	0	"Cursed Wizard"		54	4000	0	160	170	95	0	270	80	3	2	4	7	400	2000	10	2	200	46	3	0	5	5	7	7	0	0	0
35	0	"Death Gorgon"		64	6000	0	200	210	130	0	320	94	3	150	1	7	400	2000	10	2	180	46	3	0	6	6	6	8	0	0	0
36	0	"Shadow"		47	2800	0	148	153	78	0	235	67	3	0	1	5	400	1400	10	2	200	28	3	0	3	3	3	5	0	0	0
37	0	"Devil"			60	5000	0	180	195	115	0	300	88	3	3	4	7	400	2000	10	2	200	46	3	0	5	5	5	7	0	0	0
38	0	"Balrog"		66	9000	0	220	240	160	0	330	99	3	150	2	7	400	1600	150	2	160	46	3	0	10	10	10	15	0	0	0
39	0	"Poison Shadow"		50	3500	0	155	160	85	0	250	73	3	1	1	5	400	1400	10	2	200	46	3	0	6	4	4	6	0	0	0
40	0	"Death Knight"		62	5500	0	190	200	120	0	310	91	3	0	1	7	400	1800	10	2	200	46	3	0	6	6	6	7	0	0	0
41	0	"Death Cow"		57	4500	0	170	180	110	0	285	85	3	0	1	7	400	1600	10	2	200	46	3	0	5	5	5	7	0	0	0
42	0	"Large Red Dragon"	120	350000	0	800	920	300	0	550	1200	3	150	3	10	800	2000	3600	2	100	0	4	0	100	254	100	100	0	0	0
43	0	"Golden Budge Dragon"	15	7500	0	120	125	45	0	75	30	3	0	1	7	400	1400	600	2	10	10	0	0	2	2	2	2	0	0	0
44	0	"Red Dragon"		90	250000	0	480	600	250	0	500	800	3	150	2	7	400	1800	100	2	50	10	0	0	9	7	9	9	0	0	0
45	0	"Bahamut"		43	2400	0	130	140	65	0	215	52	2	0	1	4	400	1600	8	2	185	28	3	0	1	1	1	1	0	0	0
46	0	"Vepar"			45	2800	0	135	145	70	0	225	58	3	17	4	7	400	1600	8	2	185	28	3	0	2	2	3	2	0	0	0
47	0	"Valkyrie"		46	3200	0	140	150	75	0	230	64	3	0	5	7	400	1800	8	2	185	28	3	0	6	2	2	2	0	0	0
48	0	"Lizard King"		70	9000	0	240	270	180	0	350	115	3	3	3	7	400	1600	15	2	175	46	3	0	7	7	7	7	0	0	0
49	0	"Hydra"			74	19000	0	250	310	200	0	430	125	3	150	4	7	400	1400	150	2	175	46	3	0	12	12	12	12	0	0	0
51	0	"Great Bahamut"		66	7000	0	210	230	150	0	330	98	3	0	2	7	400	1600	15	2	175	46	3	0	6	6	6	6	0	0	0
52	0	"Silver Valkyrie"	68	8000	0	230	260	170	0	340	110	3	7	4	7	400	1600	15	2	175	46	3	0	7	7	7	7	0	0	0
53	0	"Golden Titan"		140	100000	0	650	780	300	0	550	2000	3	150	2	7	400	2000	20	2	200	14	3	0	5	5	5	5	0	0	0
54	0	"Golden Solider"	46	5000	0	140	150	75	0	230	200	3	0	5	7	400	1800	20	2	200	14	3	0	3	3	3	3	0	0	0
55	0	"Death King"		55	25000	0	300	480	250	0	280	150	2	0	2	6	400	1800	20	2	200	14	3	0	2	2	2	2	0	0	0
56	0	"Death Bone"		35	1000	0	100	140	29	0	120	29	3	0	1	5	400	1600	20	2	200	14	4	0	1	1	1	1	0	0	0
57	0	"Iron Wheel"		80	17000	0	280	330	215	0	446	150	3	0	4	7	400	1400	10	2	160	100	3	0	9	9	9	9	0	0	0
58	0	"Tantalos"		83	22000	0	335	385	250	0	500	175	3	150	2	7	400	1400	20	2	160	100	3	0	9	9	9	9	0	0	0
59	0	"Zaikan"		90	34000	0	510	590	400	0	550	185	3	150	5	7	400	1400	150	2	160	100	3	0	13	13	13	15	0	0	0
60	0	"Bloody wolf"		76	13500	0	260	300	200	0	410	130	3	0	2	7	400	1400	10	2	170	100	3	0	8	8	8	8	0	0	0
61	0	"Beam Knight"		84	25000	0	375	425	275	0	530	190	3	17	4	7	400	1400	20	2	160	100	3	0	10	10	10	10	0	0	0
62	0	"Mutant"		72	10000	0	250	280	190	0	365	120	3	0	1	7	400	1400	10	2	170	100	3	0	8	8	8	8	0	0	0
63	0	"Death Beam Knight"	93	40000	0	590	650	420	0	575	220	3	150	5	7	400	1400	150	2	130	100	3	0	13	13	13	17	0	0	0
64	0	"Ogre archer"		70	10000	0	220	250	170	0	350	115	3	0	4	7	400	1600	10	2	200	28	3	0	7	7	7	7	0	0	0
65	0	"Elite Ogre"		74	14000	0	260	290	190	0	400	125	3	150	1	7	400	2000	100	2	180	28	3	0	8	8	8	8	0	0	0
66	0	"Cursed king"		86	38000	0	500	570	350	0	525	200	3	150	4	7	400	1400	70	2	200	60	3	0	17	17	17	17	0	0	0
67	0	"Metal Balrog"		77	26000	0	300	360	220	0	385	150	3	150	2	7	400	1600	200	2	160	28	3	0	9	9	9	9	0	0	0
69	0	"Aquamos"		75	11500	0	255	290	195	0	385	125	3	17	5	5	400	1400	10	2	160	14	3	0	9	9	11	9	0	0	0
70	0	"Queen Rainer"		82	19000	0	305	350	230	0	475	160	3	17	3	5	400	1400	10	2	160	14	3	0	9	11	12	9	0	0	0
71	0	"Mega Crust"		78	15000	0	270	320	210	0	430	140	3	0	1	5	400	1400	10	2	160	14	3	0	9	9	12	9	0	0	0
72	0	"Phantom Knight"	96	41000	0	560	610	430	0	690	270	3	150	2	5	400	1400	10	2	150	14	3	0	14	14	16	14	0	0	0
73	0	"Drakan"		86	29000	0	425	480	305	0	570	210	3	150	5	5	400	1400	10	2	160	14	3	0	12	12	13	12	0	0	0
74	0	"Alpha Crust"		92	34500	0	489	540	360	0	620	240	3	0	1	5	400	1400	10	2	160	14	3	0	13	13	14	13	0	0	0
75	0	"Gaint Drakan"		100	50000	0	580	640	500	0	820	305	3	150	5	5	400	1400	10	2	140	14	3	0	15	15	17	18	0	0	0
76	0	"Dark Phoenix Shield"	111	73000	0	850	960	580	0	840	305	3	3	3	5	400	1400	10	2	190	14	3	0	30	30	35	30	0	0	0
77	0	"Phoenix of Darkness"	113	95000	0	950	1000	600	0	900	350	1	150	6	7	400	1500	150	2	120	14	4	0	30	30	35	30	0	0	0
78	0	"Golden Goblin"		120	20000	0	440	520	180	0	450	1200	3	0	1	7	400	1400	600	2	10	10	0	0	2	2	2	2	0	0	0
79	0	"Golden Dragon"		165	300000	0	1280	1480	500	0	800	2800	3	150	2	7	400	1800	5	2	50	10	0	0	9	7	9	9	0	0	0
80	0	"Golden LIZARD"		175	750000	0	3200	4200	650	0	1000	3200	3	3	4	7	400	1600	8	2	185	14	3	0	9	7	9	9	0	0	0
81	0	"Golden Vepar"		85	10000	0	1200	1400	240	0	415	150	3	17	3	7	400	1600	15	2	175	14	3	0	0	0	3	0	0	0	0
82	0	"Golden Tantallos"	185	1000000	0	4900	6400	800	0	1200	3800	3	150	2	7	400	1400	70	2	180	30	3	0	9	7	9	9	0	0	0
83	0	"Golden Wheel"		105	15000	0	1800	2200	230	0	600	160	3	0	4	7	400	1400	70	2	180	30	3	0	9	7	9	9	0	0	0
84	0      "Chief Skeleton Warrior"			33	1100	0	100	120	55	0	190	45	3	0	1	3	400	2000	10	2	300	400	3	0	0	0	0	0	0	0	0
85	0	"Chief Skeleton Archer"			37	1400	0	110	130	65	0	210	49	3	0	5	7	400	1600	10	2	300	400	3	0	0	0	0	0	0	0	0
86	0	"Dark Skull Soldier"			41	1700	0	120	140	75	0	230	61	3	0	1	3	400	2000	10	2	250	300	3	0	0	0	0	0	0	0	0
87	0	"Giant Ogre"			44	2100	0	130	150	85	0	250	73	3	17	5	7	400	1600	10	2	250	300	3	0	0	0	0	0	0	0	0
88	0	"Red Skeleton Knight"			47	2800	0	140	160	95	0	270	77	3	0	1	3	400	2000	10	2	200	200	3	0	0	0	0	0	0	0	0
89	0	"Magic Skeleton"			51	3700	0	150	180	115	0	300	88	4	150	4	6	400	1600	10	2	150	100	4	0	3	3	3	3	0	0	0
90	0      "Chief Skeleton Warrior"			49	3500	0	140	170	90	0	250	76	3	0	1	3	400	2000	10	2	300	400	3	0	1	1	1	1	0	0	0
91	0	"Chief Skeleton Archer"			53	4100	0	150	180	100	0	275	80	3	0	5	7	400	1600	10	2	300	400	3	0	1	1	1	1	0	0	0
92	0	"Dark Skull Soldier"			56	5000	0	160	190	115	0	300	88	3	0	1	3	400	2000	10	2	250	300	3	0	1	1	1	1	0	0	0
93	0	"Giant Ogre"			60	6000	0	175	210	130	0	320	95	3	17	5	7	400	1600	10	2	250	300	3	0	1	1	1	1	0	0	0
94	0	"Red Skeleton Knight"			64	7000	0	185	220	170	0	360	110	3	0	1	3	400	2000	10	2	200	200	3	0	1	1	1	1	0	0	0
95	0	"Magic Skeleton"			69	8000	0	200	240	190	0	400	130	4	150	4	6	400	1800	10	2	150	100	4	0	4	4	4	4	0	0	0
96	0      "Chief Skeleton Warrior"			56	5000	0	160	180	110	0	300	85	3	0	1	3	400	2000	10	2	300	400	3	0	2	2	2	2	0	0	0
97	0	"Chief Skeleton Archer"			61	6500	0	180	200	120	0	330	93	3	0	5	7	400	1600	10	2	300	400	3	0	2	2	2	2	0	0	0
98	0	"Dark Skull Soldier"			66	8000	0	190	220	150	0	360	98	3	0	1	3	400	2000	10	2	250	300	3	0	2	2	2	2	0	0	0
99	0	"Giant Ogre"			70	9500	0	210	240	180	0	400	115	3	17	5	7	400	1600	10	2	250	300	3	0	2	2	2	2	0	0	0
100	0	"Lance"			80	1000	0	100	110	0	0	400	500	0	0	4	1	500	1000	3	1	200	20	0	0	0	0	0	0	0	0	0
101	0	"Iron Stick"			80	1000	0	110	130	0	0	400	500	0	0	0	1	500	1000	3	1	200	20	0	0	0	0	0	0	0	0	0
102	0	"Fire"			80	1000	0	130	150	0	0	400	500	0	0	2	1	500	1000	3	1	200	20	0	0	0	0	0	0	0	0	0
103	0	"Meteorite"			90	1000	0	160	190	0	0	450	500	0	50	0	1	500	1000	3	1	200	20	0	0	0	0	0	0	0	0	0
104	0	"Trap"			2	50	0	500	600	0	0	800	30	0	50	0	1	0	1000	0	0	0	0	0	0	0	0	0	0	0	0	0
105	0	"Cannon Trap"			80	1000	0	850	1200	0	0	1000	500	0	0	4	2	500	1000	3	1	200	10	0	0	0	0	0	0	0	0	0
106	0	"Laser Trap"			80	1000	0	1200	1800	0	0	1200	500	0	0	1	1	500	1000	3	1	200	10	0	0	0	0	0	0	0	0	0
111	0	"Red Skeleton Knight"			74	12000	0	220	260	190	0	440	130	3	0	1	3	400	2000	10	2	200	200	3	0	2	2	2	2	0	0	0
112	0	"Magic Skeleton"			79	15000	0	230	280	240	0	500	180	4	150	4	6	400	1800	10	2	150	100	4	0	5	5	5	5	0	0	0
113	0      "Chief Skeleton Warrior"			64	7500	0	180	220	150	0	340	98	3	0	1	3	400	2000	10	2	300	400	3	0	4	4	4	4	0	0	0
114	0	"Chief Skeleton Archer"			69	9500	0	200	240	170	0	380	110	3	0	5	7	400	1600	10	2	300	400	3	0	4	4	4	4	0	0	0
115	0	"Dark Skull Soldier"			75	12000	0	220	260	190	0	440	130	3	0	1	3	400	2000	10	2	250	300	3	0	4	4	4	4	0	0	0
116	0	"Giant Ogre"			79	15000	0	250	290	210	0	500	150	3	17	5	7	400	1600	10	2	250	300	3	0	4	4	4	4	0	0	0
117	0	"Red Skeleton Knight"			82	18000	0	270	320	290	0	560	170	3	0	1	3	400	2000	10	2	200	200	3	0	4	4	4	4	0	0	0
118	0	"Magic Skeleton"			84	24000	0	300	350	360	0	640	200	4	150	4	6	400	1800	10	2	150	100	4	0	7	7	7	7	0	0	0
119	0      "Chief Skeleton Warrior"			70	12000	0	210	270	185	0	380	125	3	0	1	3	400	2000	10	2	300	400	3	0	5	5	5	5	0	0	0
120	0	"Chief Skeleton Archer"			75	15000	0	240	300	190	0	420	130	3	0	5	7	400	1600	10	2	300	400	3	0	5	5	5	5	0	0	0
121	0	"Dark Skull Soldier"			80	19000	0	280	340	220	0	470	175	3	0	1	3	400	2000	10	2	250	300	3	0	5	5	5	5	0	0	0
122	0	"Giant Ogre"			85	23000	0	340	390	300	0	520	190	3	17	5	7	400	1600	10	2	250	300	3	0	5	5	5	5	0	0	0
123	0	"Red Skeleton Knight"			87	26000	0	370	410	400	0	650	200	3	0	1	3	400	2000	10	2	200	200	3	0	5	5	5	5	0	0	0
124	0	"Magic Skeleton"			90	32000	0	400	460	450	0	720	260	4	150	4	6	400	1800	10	2	150	100	4	0	8	8	8	8	0	0	0
125	0      "Chief Skeleton Warrior"			76	17000	0	260	290	210	0	460	150	3	0	1	3	400	2000	10	2	300	400	3	0	6	6	6	6	0	0	0
126	0	"Chief Skeleton Archer"			81	20000	0	320	350	270	0	520	160	3	0	5	7	400	1600	10	2	300	400	3	0	6	6	6	6	0	0	0
127	0	"Dark Skull Soldier"			86	25000	0	390	420	360	0	580	195	3	0	1	3	400	2000	10	2	250	300	3	0	6	6	6	6	0	0	0
128	0	"Giant Ogre"			90	32000	0	440	500	400	0	660	230	3	17	5	7	400	1600	10	2	250	300	3	0	6	6	6	6	0	0	0
129	0	"Red Skeleton Knight"			94	38000	0	480	540	450	0	720	260	3	0	1	3	400	2000	10	2	200	200	3	0	6	6	6	6	0	0	0
130	0	"Magic Skeleton"			99	47000	0	530	580	500	0	840	280	4	150	4	6	400	1800	10	2	150	100	4	0	9	9	9	9	0	0	0
131	0	"Castle Gate"			2	2000	0	0	0	0	0	0	0	0	0	0	0	0	0	0	0	0	0	0	0	100	100	100	100	0	0	0
132	0	"Statue of Saint"			2	3000	0	0	0	0	0	0	0	0	0	0	0	0	0	0	0	0	0	0	0	100	100	100	100	0	0	0
133	0	"Statue of Saint"			2	3000	0	0	0	0	0	0	0	0	0	0	0	0	0	0	0	0	0	0	0	100	100	100	100	0	0	0
134	0	"Statue of Saint"			2	3000	0	0	0	0	0	0	0	0	0	0	0	0	0	0	0	0	0	0	0	100	100	100	100	0	0	0
135	0	"White Wizard"			120	50000	0	700	820	250	0	450	1500	4	3	5	6	400	2200	10	2	150	50	4	0	15	15	20	15	0	0	0
136	0	"Destructive soldier"			70	80000	0	210	240	300	0	400	800	3	0	1	3	400	1500	10	2	300	200	3	0	7	7	7	7	0	0	0
137	0	"Destructive archer"			74	60000	0	220	260	260	0	440	600	3	0	5	5	400	1800	10	2	300	200	3	0	8	8	8	8	0	0	0
138	0      "Chief Skeleton Warrior"			85	23000	0	340	390	340	0	520	190	3	0	1	3	400	2000	10	2	300	400	3	0	7	7	7	7	0	0	0
139	0	"Chief Skeleton Archer"			87	26000	0	390	430	380	0	590	200	3	0	5	7	400	1600	10	2	300	400	3	0	7	7	7	7	0	0	0
140	0	"Dark Skull Soldier"			90	32000	0	430	480	400	0	660	230	3	0	1	3	400	2000	10	2	250	300	3	0	7	7	7	7	0	0	0
141	0	"Giant Ogre"			93	37000	0	470	520	440	0	730	250	3	17	5	7	400	1600	10	2	250	300	3	0	7	7	7	7	0	0	0
142	0	"Red Skeleton Knight"			98	45000	0	510	560	490	0	800	270	3	0	1	3	400	2000	10	2	200	200	3	0	7	7	7	7	0	0	0
143	0	"Magic Skeleton"			102	55000	0	560	600	550	0	870	310	4	150	4	6	400	1800	10	2	150	100	4	0	10	10	10	10	0	0	0
144	0	"Death Angel"			34	1550	0	115	130	50	0	185	49	3	17	6	7	500	1500	10	2	80	0	3	0	11	11	11	11	0	0	0
145	0	"Death Centurion"			43	2300	0	135	150	70	0	225	62	3	17	6	7	500	1500	10	2	70	0	3	0	13	13	13	13	0	0	0
146	0	"Bloody soldier"			32	1250	0	105	125	45	0	168	44	3	17	6	7	500	1500	10	2	90	0	3	0	10	10	10	10	0	0	0
147	0	"Aegis"			27	990	0	95	114	39	0	145	39	3	17	1	7	500	1500	10	2	100	0	3	0	8	8	8	8	0	0	0
148	0	"Lord centurion"			29	1100	0	100	120	41	0	155	41	3	17	2	5	500	1500	10	2	100	0	3	0	9	9	9	9	0	0	0
149	0	"Necron"			38	1950	0	125	140	59	0	205	53	3	17	2	5	500	1500	10	2	80	0	3	0	12	12	12	12	0	0	0
150	0	"Bali"			52	7000	0	165	170	100	0	260	75	3	0	1	7	400	1600	100	2	160	10	3	0	6	6	6	6	0	0	0
151	0	"Solider"			75	9000	0	480	520	110	0	400	120	3	0	4	7	400	1600	100	2	160	10	3	0	6	6	6	6	0	0	0
152	0	"Magic stone of %s"			10	50	0	0	0	0	0	0	0	0	0	0	0	0	0	0	2	0	0	0	0	0	0	0	0	0	0	0
153	0	"Magic stone of %s"			10	50	0	0	0	0	0	0	0	0	0	0	0	0	0	0	2	0	0	0	0	0	0	0	0	0	0	0
154	0	"Magic stone of %s"			10	50	0	0	0	0	0	0	0	0	0	0	0	0	0	0	2	0	0	0	0	0	0	0	0	0	0	0
155	0	"Magic stone of %s"			10	50	0	0	0	0	0	0	0	0	0	0	0	0	0	0	2	0	0	0	0	0	0	0	0	0	0	0
156	0	"Magic stone of %s"			10	50	0	0	0	0	0	0	0	0	0	0	0	0	0	0	2	0	0	0	0	0	0	0	0	0	0	0
157	0	"Magic stone of %s"			10	50	0	0	0	0	0	0	0	0	0	0	0	0	0	0	2	0	0	0	0	0	0	0	0	0	0	0
158	0	"Magic stone of %s"			10	50	0	0	0	0	0	0	0	0	0	0	0	0	0	0	2	0	0	0	0	0	0	0	0	0	0	0
160	0	"Schriker"			50	3200	0	155	174	90	0	260	78	3	17	6	7	500	1600	10	2	70	0	4	0	14	14	14	14	0	0	0
161	0	"Illusion Kundun"			65	15000	0	200	400	150	0	300	100	3	150	10	7	800	1700	3600	2	100	0	4	0	30	30	30	30	0	0	0
162	0	"Chaos Castle 1"			30	700	0	70	90	30	0	160	20	50	0	1	7	400	2000	10	2	300	400	3	0	0	0	0	0	0	0	0
163	0	"Chaos Castle 2"			32	800	0	80	100	40	0	180	30	50	17	6	7	400	1600	10	2	300	400	3	0	0	0	0	0	0	0	0
164	0	"Chaos Castle 3"			40	1600	0	132	135	75	0	225	60	50	0	1	7	400	2000	10	2	300	400	3	0	1	1	1	1	0	0	0
165	0	"Chaos Castle 4"			45	2700	0	150	150	90	0	250	70	50	17	6	7	400	1600	10	2	300	400	3	0	1	1	1	1	0	0	0
166	0	"Chaos Castle 5"			54	4000	0	168	165	105	0	270	80	50	0	1	7	400	2000	10	2	300	400	3	0	2	2	2	2	0	0	0
167	0	"Chaos Castle 6"			60	5000	0	180	180	120	0	290	90	50	17	6	7	400	1600	10	2	300	400	3	0	2	2	2	2	0	0	0
168	0	"Chaos Castle 7"			65	6500	0	185	210	145	0	320	110	50	0	1	7	400	2000	10	2	300	400	3	0	4	4	4	4	0	0	0
169	0	"Chaos Castle 8"			68	8000	0	205	230	160	0	350	120	50	17	6	7	400	1600	10	2	300	400	3	0	4	4	4	4	0	0	0
170	0	"Chaos Castle 9"			70	10000	0	215	240	170	0	370	120	50	0	1	7	400	2000	10	2	300	400	3	0	5	5	5	5	0	0	0
171	0	"Chaos Castle 10"			75	12500	0	235	260	190	0	400	130	50	17	6	7	400	1600	10	2	300	400	3	0	5	5	5	5	0	0	0
172	0	"Chaos Castle 11"			76	15000	0	255	280	215	0	430	140	50	0	1	7	400	2000	10	2	300	400	3	0	6	6	6	6	0	0	0
173	0	"Chaos Castle 12"			80	18000	0	280	300	240	0	470	150	50	17	6	7	400	1600	10	2	300	400	3	0	6	6	6	6	0	0	0
174	0	"Death Angel"			50	3200	0	155	170	90	0	260	74	3	17	6	7	500	1500	10	2	80	0	3	0	14	14	14	14	0	0	0
175	0	"Death Centurion"			58	4900	0	180	200	117	0	310	91	3	17	6	7	500	1500	10	2	70	0	3	0	16	16	16	16	0	0	0
176	0	"Bloody soldier"			47	2700	0	145	160	81	0	245	67	3	17	6	7	500	1500	10	2	90	0	3	0	13	13	13	13	0	0	0
177	0	"Aegis"			42	2050	0	135	150	68	0	220	54	3	17	1	7	500	1500	10	2	100	0	3	0	11	11	11	11	0	0	0
178	0	"Lord centurion"			44	2350	0	140	155	75	0	230	60	3	17	2	5	500	1500	10	2	100	0	3	0	12	12	12	12	0	0	0
179	0	"Necron"			53	3900	0	167	180	100	0	280	81	3	17	2	5	500	1500	10	2	80	0	3	0	15	15	15	15	0	0	0
180	0	"Schriker"			65	8450	0	205	230	145	0	335	100	3	17	6	7	500	1600	10	2	70	0	4	0	17	17	17	17	0	0	0
181	0	"Illusion Kundun"			80	30000	0	400	600	200	0	400	150	3	150	10	7	800	1700	3600	2	100	0	4	0	35	35	35	35	0	0	0
182	0	"Death Angel"			65	6750	0	205	240	145	0	350	107	3	17	6	7	500	1500	10	2	80	0	3	0	17	17	17	17	0	0	0
183	0	"Death Centurion"			73	11600	0	260	310	198	0	406	129	3	17	6	7	500	1500	10	2	70	0	3	0	19	19	19	19	0	0	0
184	0	"Bloody soldier"			62	5730	0	190	215	130	0	330	99	3	17	6	7	500	1500	10	2	90	0	3	0	16	16	16	16	0	0	0
185	0	"Aegis"			57	4800	0	170	190	115	0	295	90	3	17	1	7	500	1500	10	2	100	0	3	0	14	14	14	14	0	0	0
186	0	"Lord centurion"			59	5110	0	180	200	120	0	315	95	3	17	2	5	500	1500	10	2	100	0	3	0	15	15	15	15	0	0	0
187	0	"Necron"			68	8450	0	230	275	170	0	375	117	3	17	2	5	500	1500	10	2	80	0	3	0	18	18	18	18	0	0	0
188	0	"Schriker"			80	17500	0	335	355	225	0	465	155	3	17	6	7	500	1600	10	2	70	0	4	0	20	20	20	20	0	0	0
189	0	"Illusion Kundun"			95	60000	0	600	800	400	0	600	200	3	150	10	7	800	1700	3600	2	100	0	4	0	40	40	40	40	0	0	0
190	0	"Death Angel"			80	17500	0	335	370	235	0	465	155	3	17	6	7	500	1500	10	2	80	0	3	0	20	20	20	20	0	0	0
191	0	"Death Centurion"			88	32000	0	460	530	330	0	610	215	3	17	6	7	500	1500	10	2	70	0	3	0	22	22	22	22	0	0	0
192	0	"Bloody soldier"			77	14000	0	295	330	215	0	430	140	3	17	6	7	500	1500	10	2	90	0	3	0	19	19	19	19	0	0	0
193	0	"Aegis"			72	10000	0	245	290	190	0	390	125	3	17	1	7	500	1500	10	2	100	0	3	0	17	17	17	17	0	0	0
194	0	"Lord centurion"			74	11700	0	265	310	200	0	410	130	3	17	2	5	500	1500	10	2	100	0	3	0	18	18	18	18	0	0	0
195	0	"Necron"			83	23000	0	390	420	275	0	530	180	3	17	2	5	500	1500	10	2	80	0	3	0	21	21	21	21	0	0	0
196	0	"Schriker"			95	43000	0	530	640	415	0	700	255	3	17	6	7	500	1600	10	2	70	0	4	0	23	23	23	23	0	0	0
197	0	"Illusion Kundun"			110	80000	0	800	1000	600	0	800	300	3	150	10	7	800	1700	3600	2	100	0	4	0	45	45	45	45	0	0	0
200	0	"Soccer Ball"			12	1000	0	150	200	0	0	60	500	0	0	4	1	500	1000	3	1	200	20	0	0	0	0	0	0	0	0	0
204	1	"Wolf Status"			2	50	0	15	30	70	20	10	30	0	0	0	0	0	0	0	0	0	0	0	0	0	0	0	0	0	0	0
205	1	"Wolf Altar 1"			2	50	0	15	30	70	20	10	30	0	0	0	0	0	0	0	0	0	0	0	0	0	0	0	0	0	0	0
206	1	"Wolf Altar 2"			2	50	0	15	30	70	20	10	30	0	0	0	0	0	0	0	0	0	0	0	0	0	0	0	0	0	0	0
207	1	"Wolf Altar 3"			2	50	0	15	30	70	20	10	30	0	0	0	0	0	0	0	0	0	0	0	0	0	0	0	0	0	0	0
208	1	"Wolf Altar 4"			2	50	0	15	30	70	20	10	30	0	0	0	0	0	0	0	0	0	0	0	0	0	0	0	0	0	0	0
209	1	"Wolf Altar 5"			2	50	0	15	30	70	20	10	30	0	0	0	0	0	0	0	0	0	0	0	0	0	0	0	0	0	0	0
215	1	"Shield"			2	50	0	15	30	70	20	10	30	0	0	0	5	400	1500	10	0	200	10	0	0	0	0	0	0	0	0	0
216	1	"Crown"			2	50	0	15	30	70	20	10	30	0	0	0	0	0	0	0	0	0	0	0	0	0	0	0	0	0	0	0
217	1	"Crown Switch 2"			2	50	0	15	30	70	20	10	30	0	0	0	0	0	0	0	0	0	0	0	0	0	0	0	0	0	0	0
218	1	"Crown Switch 1"			2	50	0	15	30	70	20	10	30	0	0	0	0	0	0	0	0	0	0	0	0	0	0	0	0	0	0	0
219	1	"Castle Gate Switch"			2	50	0	15	30	70	20	10	30	0	0	0	0	0	0	0	0	0	0	0	0	0	0	0	0	0	0	0
220	1	"Gatekeeper"			2	50	0	15	30	70	20	10	30	0	0	0	0	400	1500	0	0	0	0	0	0	0	0	0	0	0	0	0
221	1	"Slingshot attack"			2	50	0	15	30	70	20	10	30	0	0	0	0	400	1500	0	0	0	0	0	0	0	0	0	0	0	0	0
222	1	"Slingshot defense"			2	50	0	15	30	70	20	10	30	0	0	0	0	400	1500	0	0	0	0	0	0	0	0	0	0	0	0	0
223	1	"Senior"			2	50	0	15	30	70	20	10	30	0	0	0	0	0	0	0	0	0	0	0	0	0	0	0	0	0	0	0
224	1	"Guardsman"			2	50	0	15	30	70	20	10	30	0	0	0	0	0	0	0	0	0	0	0	0	0	0	0	0	0	0	0
226	1	"Trainer"			2	50	0	15	30	70	20	10	30	0	0	0	5	400	1500	10	0	200	10	0	0	0	0	0	0	0	0	0
229	1	"Marlon"			2	50	0	15	30	70	20	10	30	0	0	0	5	400	1500	10	0	200	10	0	0	0	0	0	0	0	0	0
230	1	"Wandering Merchant Alex"			2	50	0	15	30	70	20	10	30	0	0	0	5	400	1500	10	0	200	10	0	0	0	0	0	0	0	0	0
231	1	"Thompson Kenel"			2	50	0	15	30	70	20	10	30	0	0	0	5	400	1500	10	0	200	10	0	0	0	0	0	0	0	0	0
232	1	"Archangel"			2	50	0	15	30	70	20	10	30	0	0	0	5	400	1500	10	0	200	10	0	0	0	0	0	0	0	0	0
233	1	"Messenger of Archangel"			2	50	0	15	30	70	20	10	30	0	0	0	5	400	1500	10	0	200	10	0	0	0	0	0	0	0	0	0
234	1	"Pet Trainer"			2	50	0	15	30	70	20	10	30	0	0	0	5	400	1500	10	0	200	10	0	0	0	0	0	0	0	0	0
235	1	"Sebina the Priest"			2	50	0	15	30	70	20	10	30	0	0	0	5	400	1500	10	0	200	10	0	0	0	0	0	0	0	0	0
236	1	"Golden Archer"			2	50	0	15	30	70	20	10	30	0	0	0	5	400	1500	10	0	200	10	0	0	0	0	0	0	0	0	0
237	1	"Charon"			2	50	0	15	30	70	20	10	30	0	0	0	5	400	1500	10	0	200	10	0	0	0	0	0	0	0	0	0
238	1	"Chaos Goblin"			2	50	0	15	30	70	20	10	30	0	0	0	5	400	1500	10	0	200	10	0	0	0	0	0	0	0	0	0
239	1	"Arena Guard"			2	50	0	15	30	70	20	10	30	0	0	0	5	400	1500	10	0	200	10	0	0	0	0	0	0	0	0	0
240	1	"Safety Guardian"			2	50	0	15	30	70	20	10	30	0	0	0	5	400	1500	10	0	200	10	0	0	0	0	0	0	0	0	0
241	1	"Royal Guard Captain Lorence"			2	50	0	15	30	70	20	10	30	0	0	0	5	400	1500	10	0	200	10	0	0	0	0	0	0	0	0	0
242	1	"Elf Lala"			2	50	0	15	30	70	20	10	30	0	0	0	5	400	1500	10	0	200	10	0	0	0	0	0	0	0	0	0
243	1	"Eo the Craftsman"			2	50	0	15	30	70	20	10	30	0	0	0	5	400	1500	10	0	200	10	0	0	0	0	0	0	0	0	0
244	1	"Caren the Barmaid"			2	50	0	15	30	70	20	10	30	0	0	0	5	400	1500	10	0	200	10	0	0	0	0	0	0	0	0	0
245	1	"Wizard Izabel"			2	50	0	15	30	70	20	10	30	0	0	0	5	400	1500	10	0	200	10	0	0	0	0	0	0	0	0	0
246	1	"Weapons Merchant Zienna"			20	1000	0	15	30	70	0	100	30	0	0	0	5	400	1500	10	0	200	10	0	0	0	0	0	0	0	0	0
247	1	"Guard"			90	10000	0	180	195	70	20	300	100	5	0	2	2	400	1500	10	1	200	10	0	0	0	0	0	0	0	0	0
248	1	"Wandering Merchant Martin"			20	1000	0	15	30	70	0	100	30	0	0	0	5	400	1500	10	0	200	10	0	0	0	0	0	0	0	0	0
249	1	"Guard"			90	10000	0	180	195	70	20	300	100	5	0	5	5	400	1500	10	1	200	10	0	0	0	0	0	0	0	0	0
250	1	"Wandering Merchant"			20	1000	0	15	30	70	20	100	30	0	0	0	5	400	1000	10	0	200	10	0	0	0	0	0	0	0	0	0
251	1	"Hanzo the Blacksmith"			20	1000	0	15	30	70	20	100	30	0	0	0	5	400	1500	10	0	200	10	0	0	0	0	0	0	0	0	0
252	1	""			2	50	0	15	30	70	20	10	30	0	0	2	5	400	1000	10	0	200	10	0	0	0	0	0	0	0	0	0
253	1	"Potion Girl Amy"			2	50	0	15	30	70	20	10	30	0	0	0	5	400	1500	10	0	200	10	0	0	0	0	0	0	0	0	0
254	1	"Pasi the Mage"			2	50	0	15	30	70	20	10	30	0	0	0	5	400	1500	10	0	200	10	0	0	0	0	0	0	0	0	0
255	1	"Lumen the Barmaid"			2	50	0	15	30	70	20	10	30	0	0	0	5	400	1500	10	0	200	10	0	0	0	0	0	0	0	0	0
256	1	"Lahap"			2	50	0	15	30	70	20	10	30	0	0	0	5	400	1500	10	0	200	10	0	0	0	0	0	0	0	0	0
257	1	"Shadow Phantom Soldier"			2	50	0	15	30	70	20	10	30	0	0	0	5	400	1500	10	0	200	10	0	0	0	0	0	0	0	0	0
258	1	"Luke the Helper"			90	10000	0	180	195	70	20	300	100	5	0	5	5	400	1500	10	1	200	10	0	0	0	0	0	0	0	0	0
259	1	"Oracle Layla"			2	50	0	15	30	70	20	10	30	0	0	0	5	400	1500	10	0	200	10	0	0	0	0	0	0	0	0	0
260	0	"Death Angel"			95	43000	0	530	630	415	0	720	262	3	17	6	7	500	1500	10	2	80	0	3	0	23	23	23	23	0	0	0
261	0	"Death Centurion"			103	58000	0	640	742	525	0	880	315	3	17	6	7	500	1500	10	2	70	0	3	0	25	25	25	25	0	0	0
262	0	"Bloody soldier"			92	36500	0	490	586	370	0	670	245	3	17	6	7	500	1500	10	2	90	0	3	0	22	22	22	22	0	0	0
263	0	"Aegis"			87	29000	0	450	510	325	0	600	220	3	17	1	7	500	1500	10	2	100	0	3	0	20	20	20	20	0	0	0
264	0	"Lord centurion"			89	32000	0	470	550	340	0	625	230	3	17	2	5	500	1500	10	2	100	0	3	0	21	21	21	21	0	0	0
265	0	"Necron"			98	50000	0	575	690	455	0	790	285	3	17	2	5	500	1500	10	2	80	0	3	0	24	24	24	24	0	0	0
266	0	"Schriker"			111	68500	0	740	810	615	0	960	365	3	17	6	7	500	1600	10	2	70	0	4	0	26	26	26	26	0	0	0
267	0	"Illusion Kundun"			135	200000	0	1350	1600	800	0	1150	800	3	150	10	7	800	1700	3600	2	100	0	4	0	50	50	50	50	0	0	0
268	0	"Death Angel"			115	80000	0	750	850	630	0	1000	370	3	17	6	7	500	1500	10	2	80	0	3	0	26	26	26	26	0	0	0
269	0	"Death Centurion"			116	98500	0	900	1017	740	0	1100	423	3	17	6	7	500	1500	10	2	70	0	3	0	28	28	28	28	0	0	0
270	0	"Bloody soldier"			110	73000	0	705	801	585	0	1000	345	3	17	6	7	500	1500	10	2	90	0	3	0	25	25	25	25	0	0	0
271	0	"Aegis"			108	62000	0	645	705	540	0	1000	320	3	17	1	7	500	1500	10	2	100	0	3	0	23	23	23	23	0	0	0
272	0	"Lord centurion"			120	66500	0	665	745	555	0	1000	330	3	17	2	5	500	1500	10	2	100	0	3	0	24	24	24	24	0	0	0
273	0	"Necron"			114	88000	0	815	930	670	0	1070	393	3	17	2	5	500	1500	10	2	80	0	3	0	27	27	27	27	0	0	0
274	0	"Schriker"			125	135000	0	1020	1120	830	0	1140	473	3	17	6	7	500	1600	10	2	70	0	4	0	29	29	29	29	0	0	0
275	0	"Kundun Demon"			199	3000000	0	14600	19000	2400	0	3600	11300	3	150	2	7	400	1400	21600	2	160	14	3	0	100	254	100	100	0	0	0
277	0	"Castle Gate"			2	50	0	15	30	70	20	10	30	0	0	0	0	0	0	0	0	0	0	0	0	0	0	0	0	0	0	0
278	0	"Life Stone"			2	250000	0	15	30	70	20	10	30	0	0	0	0	0	0	0	0	0	0	0	0	0	0	0	0	0	0	0
283	0	"Guardian Statue"			2	50	0	15	30	70	20	10	30	0	0	0	0	0	0	0	0	0	0	0	0	0	0	0	0	0	0	0
284	0	""			2	50	0	15	30	70	20	10	30	0	0	0	0	0	0	0	0	0	0	0	0	0	0	0	0	0	0	0
285	0	"Guardian"			2	30000	0	15	30	70	20	10	30	0	0	0	5	400	1500	10	0	200	10	0	0	0	0	0	0	0	0	0
286	0	"Archer"			100	23000	0	340	390	340	0	520	190	0	0	6	7	400	2000	0	2	0	0	0	0	7	7	7	7	0	0	0
287	0	"Spearman"			100	26000	0	390	430	380	0	590	200	0	0	1	3	400	1600	0	2	0	0	0	0	7	7	7	7	0	0	0
288	0	"Canon Tower"			200	50	0	575	610	500	20	1000	30	0	150	7	6	400	2000	0	0	0	0	0	0	0	0	0	0	0	0	0
290	0	"Lizard Warrior"			78	15000	0	270	320	210	0	430	140	3	0	1	5	400	1400	10	2	200	46	3	0	26	26	26	26	0	0	0
291	0	"Fire Golem"			102	55000	0	560	600	550	0	870	310	3	0	1	7	500	1600	10	2	150	166	4	0	29	29	29	29	0	0	0
292	0	"Queen Bee"			92	34500	0	489	540	360	0	620	240	3	3	5	5	500	2000	10	2	180	46	3	0	28	28	28	28	0	0	0
293	0	"Poison Golem"			84	25000	0	375	425	275	0	530	190	3	17	4	6	500	2000	10	2	180	100	3	0	27	27	27	27	0	0	0
294	0	"Ax Warrior"			75	11500	0	255	290	195	0	385	125	3	0	1	5	400	1400	10	2	200	46	3	0	25	25	25	25	0	0	0
295	0	"Erohim"			192	2000000	0	9800	12700	1600	0	2400	7600	3	150	6	8	650	1600	46200	2	70	30	4	0	100	254	100	100	0	0	0
300	0	"Hero Mutant"			82	20000	0	500	560	380	0	415	170	20	0	1	10	800	1600	10	2	150	10	3	0	16	16	16	16	0	0	0
301	0	"Omega Wing"			102	69000	0	978	1080	720	0	670	290	20	0	1	10	800	1600	10	2	150	10	3	0	26	26	28	26	0	0	0
302	0	"Axl Hero"			85	23000	0	510	580	390	0	435	175	20	0	1	10	800	1600	10	2	150	10	3	0	50	50	50	50	0	0	0
303	0	"Gigas Golem"			94	50000	0	750	850	550	0	580	240	20	17	5	10	1000	2500	10	2	150	10	3	0	54	54	54	54	0	0	0
304	0	"Witch Queen"			90	25000	0	480	650	275	0	620	220	3	150	2	7	400	1400	30	2	160	14	3	0	22	22	22	22	0	0	0
305	0	"Blue Golem"			85	24000	0	330	390	220	0	500	185	3	150	2	7	400	1400	30	2	160	14	3	0	21	21	21	21	0	0	0
306	0	"Death Rider"			83	20000	0	280	332	200	0	460	180	3	150	2	7	400	1400	30	2	160	14	3	0	20	20	20	20	0	0	0
307	0	"Forest Orc"			74	13500	0	260	300	180	0	440	130	3	150	1	7	400	1400	30	2	160	14	3	0	19	19	19	19	0	0	0
308	0	"Death Tree"			70	12500	0	250	280	160	0	420	120	3	150	1	7	400	1400	30	2	160	14	3	0	18	18	18	18	0	0	0
309	0	"Hell Maine"			122	400000	0	1100	1420	520	0	960	2900	3	150	2	7	400	1400	30	2	160	14	3	0	50	50	50	50	0	0	0
310	0	"Hammer Scout"			97	80000	0	650	730	600	0	800	260	3	150	2	7	400	1400	70	2	180	30	3	0	15	15	15	15	0	0	0
311	0	"Lance Scout"			97	75000	0	680	750	550	0	850	280	3	150	2	7	400	1400	70	2	180	30	3	0	17	17	17	17	0	0	0
312	0	"Bow Scout"			97	65000	0	720	790	500	0	900	300	3	150	2	7	400	1400	70	2	180	30	3	0	19	19	19	19	0	0	0
313	0	"Werewolf"			118	82500	0	925	1450	700	0	1000	700	3	150	2	7	400	1400	70	2	180	30	3	0	21	21	21	21	0	0	0
314	0	"Scout(Hero)"			123	175000	0	1000	1200	650	0	860	820	3	150	2	7	400	1400	70	2	180	30	3	0	23	23	23	23	0	0	0
315	0	"Werewolf(Hero)"			125	180000	0	980	1120	680	0	900	680	3	150	2	7	400	1400	70	2	180	30	3	0	25	25	25	25	0	0	0
316	0	"Valam"			132	180000	0	1250	1330	750	0	1080	700	3	150	2	7	400	1400	70	2	180	30	3	0	27	27	27	27	0	0	0
317	0	"Solam"			135	200000	0	1400	1520	800	0	1120	780	3	150	2	7	400	1400	70	2	180	30	3	0	29	29	29	29	0	0	0
331	0	"Aegis"			128	170000	0	950	1150	650	0	1170	650	3	17	1	7	500	1500	10	2	100	0	3	0	23	23	23	23	0	0	0
332	0	"Lord Centurion"			131	185000	0	965	1200	680	0	1170	670	3	17	2	5	500	1500	10	2	100	0	3	0	24	24	24	24	0	0	0
333	0	"Bloody Soldier"			132	200000	0	1025	1280	725	0	1170	700	3	17	6	7	500	1500	10	2	90	0	3	0	25	25	25	25	0	0	0
334	0	"Death Angel"			132	225000	0	1120	1450	780	0	1170	740	3	17	6	7	500	1500	10	2	80	0	3	0	26	26	26	26	0	0	0
335	0	"Necron"			130	240000	0	1200	1520	850	0	1240	780	3	17	2	5	500	1500	10	2	80	0	3	0	27	27	27	27	0	0	0
336	0	"Death Centurion"			135	265000	0	1350	1680	950	0	1280	820	3	17	6	7	500	1500	10	2	70	0	3	0	28	28	28	28	0	0	0
337	0	"Schriker"			140	310000	0	1600	1850	1000	0	1350	875	3	17	6	7	500	1600	10	2	70	0	4	0	29	29	29	29	0	0	0
338	0	"Relics of Kundun"			150	260000	0	1500	1600	1050	0	1300	780	3	150	2	7	400	1400	7200	2	160	14	3	0	60	60	60	60	0	0	0
340	0	"Dark Elf"			155	1700000	0	8100	10500	1300	0	2000	6300	3	150	3	7	400	1400	210	2	120	10	9	0	23	23	23	23	0	0	0
341	0	"Soram"			153	350000	0	1800	1920	1200	0	1450	920	3	150	2	7	400	1400	10	2	120	10	9	0	25	25	25	25	0	0	0
344	0	"Balram"			151	280000	0	1550	1650	1100	0	1350	800	3	150	4	7	400	1400	10	2	120	10	9	0	23	23	23	23	0	0	0
345	0	"Death Spirit"			152	200000	0	2200	2400	850	0	1500	750	3	150	4	7	400	1400	30	2	120	10	9	0	25	25	25	25	0	0	0
348	0	"Tanker"			133	500000	0	550	620	610	0	1400	400	0	150	6	7	0	1400	45	2	120	10	9	0	23	23	23	23	0	0	0
349	0	"Balgass"			194	2700000	0	13000	16900	2100	0	3200	10100	3	150	4	7	400	1400	240	2	120	10	9	0	23	23	23	23	0	0	0
350	0	"Berserker"			100	30000	0	400	440	310	0	640	340	3	0	2	7	800	1700	10	2	110	0	4	0	25	25	25	25	0	0	0
351	0	"Splinter Wolf"			80	12000	0	280	320	190	0	460	163	3	0	2	7	500	1500	10	2	155	0	3	0	20	20	20	20	0	0	0
352	0	"Iron Rider"			82	15000	0	300	340	210	0	490	168	3	0	2	5	500	1500	10	2	155	0	3	0	21	21	21	21	0	0	0
353	0	"Satyros"			85	18000	0	320	360	230	0	540	177	3	0	2	7	500	1500	10	2	155	0	3	0	22	22	22	22	0	0	0
354	0	"Blade Hunter"			88	21000	0	340	380	250	0	540	195	3	0	1	7	500	1500	10	2	135	0	3	0	23	23	23	23	0	0	0
355	0	"Kentauros"			93	24000	0	360	400	270	0	570	220	3	0	4	5	500	1500	10	2	135	0	3	0	24	24	24	24	0	0	0
356	0	"Gigantis"			98	27000	0	380	420	290	0	620	250	3	0	2	7	500	1500	10	2	135	0	3	0	25	25	25	25	0	0	0
357	0	"Genocider"			105	33000	0	420	460	330	0	650	290	3	0	2	7	500	1600	10	2	135	0	4	0	26	26	26	26	0	0	0
358	0	"Persona"			118	70000	0	850	1250	570	0	850	550	3	0	5	7	500	1600	10	2	130	0	4	0	29	29	29	29	0	0	0
359	0	"Twin Tail"			117	80000	0	900	1400	650	0	990	650	3	0	4	7	500	1500	10	2	130	0	3	0	28	28	28	28	0	0	0
360	0	"Dreadfear"			119	85000	0	950	1500	750	0	1050	750	3	0	2	5	500	1500	10	2	130	0	3	0	27	27	27	27	0	0	0
361	0	"Nightmare"			193	2000000	0	9800	12700	1600	0	2400	7600	3	0	2	7	700	1700	10	2	150	14	3	0	150	255	150	150	0	0	0
362	0	"Maya Hand"			190	1300000	0	6500	8500	1100	0	1600	5100	6	0	3	7	700	1700	10	2	150	14	3	0	100	100	100	100	0	0	0
363	0	"Maya Hand"			190	1300000	0	6500	8500	1100	0	1600	5100	6	0	3	7	700	1700	10	2	150	14	3	0	100	100	100	100	0	0	0
364	0	"Maya"			111	100000	0	400	600	1000	0	700	350	3	0	1	7	500	1500	10	2	150	0	3	0	100	100	100	100	0	0	0
365	0	"Pouch of Blessing"			100	25000	0	0	0	100	0	0	100	3	0	0	1	100	0	120	1	200	10	0	0	254	254	254	254	0	0	0
367	1	"Gateway Machine"			20	1000	0	15	30	70	0	100	30	0	0	0	5	400	1500	10	0	200	10	0	0	0	0	0	0	0	0	0
368	1	"Elpis"			20	1000	0	15	30	70	0	100	30	0	0	0	5	400	1500	10	0	200	10	0	0	0	0	0	0	0	0	0
369	1	"Osbourne"			20	1000	0	15	30	70	0	100	30	0	0	0	5	400	1500	10	0	200	10	0	0	0	0	0	0	0	0	0
370	1	"Jerridon"			20	1000	0	15	30	70	0	100	30	0	0	0	5	400	1500	10	0	200	10	0	0	0	0	0	0	0	0	0
371	1	"Leo the Helper"			90	10000	0	180	195	70	20	300	100	5	0	5	5	400	1500	10	1	200	10	0	0	0	0	0	0	0	0	0
372	0	"Elite Skull Soldier"			10	10	0	10	10	10	10	10	10	0	0	0	0	0	0	0	0	0	0	0	0	0	0	0	0	0	0	0
373	0	"Jack Olantern"			10	10	0	10	10	10	10	10	10	0	0	0	0	0	0	0	0	0	0	0	0	0	0	0	0	0	0	0
374	0	"Santa"			10	10	0	10	10	10	10	10	10	0	0	0	0	0	0	0	0	0	0	0	0	0	0	0	0	0	0	0
375	1	"Chaos Card Master"			10	10	0	10	10	10	10	10	10	0	0	0	0	0	0	0	0	0	0	0	0	0	0	0	0	0	0	0
376	1	"Pamela the Supplier"			20	1000	0	15	30	70	0	100	30	0	0	0	5	400	1500	10	0	200	10	0	0	0	0	0	0	0	0	0
377	1	"Angela the Supplier"			20	1000	0	15	30	70	0	100	30	0	0	0	5	400	1500	10	0	200	10	0	0	0	0	0	0	0	0	0
378	1	"GameMaster"			2	10	0	10	10	10	10	10	10	0	0	0	0	0	0	0	0	0	0	0	0	0	0	0	0	0	0	0
379	1	"Natasha the Firecracker Merchan"			2	10	0	10	10	10	1	10	10	0	0	0	0	0	0	0	0	0	0	0	0	0	0	0	0	0	0	0
380	1	"Stone Statue"			2	10	0	10	10	10	1	10	10	0	0	0	0	0	0	0	0	0	0	0	0	0	0	0	0	0	0	0
381	1	"MU Allies General"			2	10	0	10	10	10	1	10	10	0	0	0	0	0	0	0	0	0	0	0	0	0	0	0	0	0	0	0
382	1	"Illusion Sorcerer Elder"			2	10	0	10	10	10	1	10	10	0	0	0	0	0	0	0	0	0	0	0	0	0	0	0	0	0	0	0
383	1	"Alliance Sacred Item Storage"			2	10	0	10	10	10	1	10	10	0	0	0	0	0	0	0	0	0	0	0	0	0	0	0	0	0	0	0
384	1	"Illusion Castle Sacred Item Sto"			2	10	0	10	10	10	1	10	10	0	0	0	0	0	0	0	0	0	0	0	0	0	0	0	0	0	0	0
385	1	"Mirage"			2	10	0	10	10	10	1	10	10	0	0	0	0	0	0	0	0	0	0	0	0	0	0	0	0	0	0	0
386	0	"Illusion Sorcerer Spirit"			65	7150	0	195	245	150	0	340	98	4	3	4	4	800	1600	0	2	200	400	3	0	4	4	4	4	0	0	0
387	0	"Illusion Sorcerer Spirit"			65	7150	0	215	265	170	0	380	110	4	7	4	4	800	1600	0	2	200	400	3	0	4	4	4	4	0	0	0
388	0	"Illusion Sorcerer Spirit"			67	7370	0	235	285	190	0	440	130	5	0	1	6	1600	2000	0	2	200	300	3	0	4	4	4	4	0	0	0
389	0	"Illusion Sorcerer Spirit"			70	8680	0	280	330	210	0	500	150	4	3	4	4	800	1600	0	2	180	300	3	0	4	4	4	4	0	0	0
390	0	"Illusion Sorcerer Spirit"			70	8680	0	300	350	230	0	560	170	4	7	4	4	800	1600	0	2	180	200	3	0	4	4	4	4	0	0	0
391	0	"Illusion Sorcerer Spirit"			72	8928	0	320	370	250	0	640	200	5	0	1	6	1600	2000	0	2	180	100	4	0	7	7	7	7	0	0	0
392	0	"Illusion Sorcerer Spirit"			75	15000	0	375	395	280	0	460	150	4	3	4	4	800	1600	0	2	150	400	3	0	6	6	6	6	0	0	0
393	0	"Illusion Sorcerer Spirit"			75	15000	0	395	415	300	0	520	160	4	7	4	4	800	1600	0	2	150	400	3	0	6	6	6	6	0	0	0
394	0	"Illusion Sorcerer Spirit"			77	15400	0	415	435	320	0	580	195	5	0	1	6	1600	2000	0	2	150	300	3	0	6	6	6	6	0	0	0
395	0	"Illusion Sorcerer Spirit"			80	19200	0	480	500	360	0	660	230	4	3	4	4	800	1600	0	2	150	300	3	0	6	6	6	6	0	0	0
396	0	"Illusion Sorcerer Spirit"			80	19200	0	500	520	380	0	720	260	4	7	4	4	800	1600	0	2	150	200	3	0	6	6	6	6	0	0	0
397	0	"Illusion Sorcerer Spirit"			82	19680	0	520	540	400	0	840	280	5	0	1	6	1600	2000	0	2	150	100	4	0	9	9	9	9	0	0	0
398	0	"Illusion Sorcerer Spirit"			85	25500	0	595	615	450	0	760	275	4	3	4	4	800	1600	0	2	130	0	3	0	26	26	26	26	0	0	0
399	0	"Illusion Sorcerer Spirit"			85	25500	0	615	635	470	0	820	303	4	7	4	4	800	1600	0	2	130	0	3	0	27	27	27	27	0	0	0
400	0	"Illusion Sorcerer Spirit"			87	26100	0	635	655	490	0	900	335	5	0	1	6	1600	2000	0	2	130	0	3	0	28	28	28	28	0	0	0
401	0	"Illusion Sorcerer Spirit"			112	36000	0	720	740	550	0	1015	405	4	3	4	4	800	1600	0	2	130	0	3	0	27	27	27	27	0	0	0
402	0	"Illusion Sorcerer Spirit"			112	36000	0	740	760	570	0	1080	440	4	7	4	4	800	1600	0	2	130	0	3	0	28	28	28	28	0	0	0
403	0	"Illusion Sorcerer Spirit"			114	36800	0	760	780	590	0	1190	485	5	0	1	6	1600	2000	0	2	130	0	4	0	29	29	29	29	0	0	0
404	0	"MU Allies"			2	10	0	10	10	10	1	10	10	0	0	0	0	0	0	0	0	0	0	0	0	0	0	0	0	0	0	0
405	0	"Illusion Sorcerer"			2	10	0	10	10	10	1	10	10	0	0	0	0	0	0	0	0	0	0	0	0	0	0	0	0	0	0	0
406	1	"Apostle Devin"			2	10	0	10	10	10	1	10	10	0	0	0	0	0	0	0	0	0	0	0	0	0	0	0	0	0	0	0
407	1	"Werewolf Quarel"			2	10	0	10	10	10	1	10	10	0	0	0	0	0	0	0	0	0	0	0	0	0	0	0	0	0	0	0
408	1	"Gatekeeper"			2	10	0	10	10	10	1	10	10	0	0	0	0	0	0	0	0	0	0	0	0	0	0	0	0	0	0	0
409	0	"Balram"			117	75000	0	550	650	480	0	1200	370	6	0	4	7	500	1500	10	2	150	46	3	0	23	23	23	23	0	0	0
410	0	"Death Spirit"			118	85000	0	580	680	490	0	1200	390	6	0	4	7	500	1500	10	2	150	46	3	0	25	25	25	25	0	0	0
411	0	"Soram"			119	90000	0	600	700	500	0	1200	390	6	0	2	7	500	1500	10	2	150	46	3	0	25	25	25	25	0	0	0
412	0	"Dark Elf"			128	1500000	0	800	900	900	0	1500	400	6	0	6	10	700	1700	10800	2	150	46	3	0	23	254	23	23	0	0	0
413	0	"Lunar Rabbit"			149	25000	0	0	0	100	0	0	100	3	0	0	1	100	0	120	1	200	10	0	0	254	254	254	254	0	0	0
414	0	"Helper Ellen"			2	10	0	10	10	10	1	10	10	0	0	0	0	0	0	0	0	0	0	0	0	0	0	0	0	0	0	0
415	1	"Silvia"			2	10	0	10	10	10	1	10	10	0	0	0	0	0	0	0	0	0	0	0	0	0	0	0	0	0	0	0
416	1	"Rhea"			2	10	0	10	10	10	1	10	10	0	0	0	0	0	0	0	0	0	0	0	0	0	0	0	0	0	0	0
417	1	"Marce"			2	10	0	10	10	10	1	10	10	0	0	0	0	0	0	0	0	0	0	0	0	0	0	0	0	0	0	0
418	0	"Strange Rabbit"			4	60	0	10	13	3	0	18	3	3	0	1	4	400	2000	10	2	120	20	6	0	0	0	0	0	0	0	0
419	0	"Hideous Rabbit"			19	520	0	68	72	22	0	93	22	3	0	1	4	400	1400	10	2	160	24	6	0	0	0	0	0	0	0	0
420	0	"Werewolf"			24	720	0	85	90	30	0	120	30	3	0	1	5	400	1800	10	2	170	28	6	0	0	0	0	0	0	0	0
421	0	"Polluted Butterfly"			13	230	0	37	42	13	0	58	13	3	0	1	4	400	1600	10	2	140	24	6	0	0	0	0	0	0	0	0
422	0	"Cursed Lich"			30	900	0	105	110	33	0	150	36	3	2	4	7	400	2000	10	2	180	28	6	0	0	2	0	0	0	0	0
423	0	"Totem Golem"			36	1200	0	120	125	50	0	180	43	3	0	1	6	400	1400	10	2	180	46	6	0	0	0	0	0	0	0	0
424	0	"Grizzly"			43	2400	0	130	140	65	0	215	52	2	17	2	6	400	1600	8	2	185	46	3	0	0	3	0	0	0	0	0
425	0	"Captain Grizzly"			48	3000	0	150	155	80	0	240	70	3	0	1	5	400	1400	10	2	200	46	3	0	3	3	3	5	0	0	0
426	0	"Chaos Castle 13"			111	20000	0	300	345	245	0	480	190	50	0	1	7	400	2000	10	2	300	400	3	0	7	7	7	7	0	0	0
427	0	"Chaos Castle 14"			114	23000	0	330	380	280	0	520	200	50	17	6	7	400	1600	10	2	300	400	3	0	7	7	7	7	0	0	0
428	0      "Chief Skeleton Warrior"			105	29000	0	475	510	440	0	570	250	3	0	1	3	400	2000	10	2	300	400	3	0	8	8	8	8	0	0	0
429	0	"Chief Skeleton Archer"			106	32000	0	510	555	480	0	640	260	3	0	5	7	400	1600	10	2	300	400	3	0	8	8	8	8	0	0	0
430	0	"Dark Skull Soldier"			110	37000	0	600	650	500	0	710	300	3	0	1	3	400	2000	10	2	250	300	3	0	8	8	8	8	0	0	0
431	0	"Giant Ogre"			112	45000	0	645	690	540	0	780	310	3	17	5	7	400	1600	10	2	250	300	3	0	8	8	8	8	0	0	0
432	0	"Red Skeleton Knight"			119	55000	0	780	820	600	0	850	360	3	0	1	3	400	2000	10	2	200	200	3	0	8	8	8	8	0	0	0
433	0	"Magic Skeleton"			125	65000	0	830	865	680	0	920	370	4	150	4	6	400	1800	10	2	150	100	4	0	11	11	11	11	0	0	0
434	0	"Gigantis"			105	30000	0	475	510	360	0	715	270	3	0	2	7	500	1500	10	2	135	0	3	0	25	25	25	25	0	0	0
435	0	"Berserker"			106	33000	0	500	540	410	0	750	280	3	0	2	7	800	1700	10	2	110	0	3	0	50	50	50	50	0	0	0
436	0	"Balram"			117	37000	0	560	600	460	0	800	320	6	0	4	7	500	1500	10	2	150	28	3	0	23	23	23	23	0	0	0
437	0	"Soram"			119	40000	0	610	650	510	0	835	330	6	0	2	7	500	1500	10	2	150	28	3	0	25	25	25	25	0	0	0
438	0	"Persona"			121	50000	0	640	680	560	0	935	370	3	0	5	7	500	1600	10	2	130	0	3	0	29	29	29	29	0	0	0
439	0	"Dreadfear"			123	55000	0	700	740	610	0	1015	380	3	0	2	5	500	1500	10	2	130	0	3	0	27	27	27	27	0	0	0
440	0	"Dark Elf"			135	75000	0	850	900	690	0	1300	430	6	0	6	10	700	1700	10	2	150	28	4	0	23	23	23	23	0	0	0
441	0	"Sapi-Unus"			95	37000	0	475	510	370	0	700	220	4	0	1	7	600	1500	8	2	140	33	3	0	0	20	0	0	0	0	0
442	0	"Sapi-Duo"			96	39500	0	485	505	375	0	730	225	4	0	1	7	600	1500	8	2	140	33	3	0	0	30	0	0	0	0	0
443	0	"Sapi-Tres"			102	58000	0	590	625	470	0	880	275	4	17	4	7	600	1500	8	2	135	33	3	0	0	40	0	0	0	0	0
444	0	"Shadow Pawn"			98	48500	0	540	575	430	0	830	240	4	0	1	5	700	1700	8	2	135	33	3	0	20	20	0	0	0	0	0
445	0	"Shadow Knight"			100	52000	0	570	600	455	0	860	255	4	7	1	5	700	1700	8	2	135	33	3	0	30	30	0	0	0	0	0
446	0	"Shadow Look"			104	62000	0	600	645	500	0	950	290	4	0	1	5	700	1700	8	2	130	33	3	0	40	40	0	0	0	0	0
447	0	"Thunder Napin"			97	42000	0	520	555	395	0	750	235	4	0	2	5	500	2000	8	2	140	33	3	0	0	0	20	0	0	0	0
448	0	"Ghost Napin"			106	68000	0	635	665	535	0	980	295	4	1	2	5	500	2000	8	2	130	33	3	0	0	30	0	0	0	0	0
449	0	"Blaze Napin"			107	70000	0	670	725	530	0	1000	303	4	0	2	5	500	2000	8	2	130	33	3	0	0	0	0	40	0	0	0
450	1	"Cherry Blossom Spirit"			2	10	0	10	10	10	1	10	10	0	0	0	0	0	0	0	0	0	0	0	0	0	0	0	0	0	0	0
451	1	"Cherry Blossom Tree"			2	10	0	10	10	10	1	10	10	0	0	0	0	0	0	0	0	0	0	0	0	0	0	0	0	0	0	0
452	1	"Seed Master"			2	10	0	10	10	10	1	10	10	0	0	0	0	0	0	0	0	0	0	0	0	0	0	0	0	0	0	0
453	1	"Seed Researcher"			2	10	0	10	10	10	1	10	10	0	0	0	0	0	0	0	0	0	0	0	0	0	0	0	0	0	0	0
454	0	"Ice Walker"			102	68000	0	1310	1965	615	0	1190	800	3	7	6	7	500	1500	10	2	140	33	3	0	150	30	30	30	0	0	0
455	0	"Giant Mammoth"			112	77000	0	1441	2017	585	0	1350	840	3	0	3	6	500	1500	10	2	140	33	3	0	150	30	30	30	0	0	0
456	0	"Ice Giant"			122	84000	0	1585	2060	620	0	1570	770	3	0	3	7	500	1500	10	2	150	33	3	0	150	30	30	30	0	0	0
457	0	"Coolutin"			132	88000	0	1743	2092	650	0	1940	840	3	7	6	7	500	1500	10	2	140	33	3	0	150	30	30	30	0	0	0
458	0	"Iron Knight"			142	95000	0	1917	2301	660	0	2000	800	3	0	6	7	500	1500	10	2	140	33	3	0	150	30	30	30	0	0	0
459	0	"Selupan"			145	4800000	0	2500	3000	1250	0	2200	1800	3	0	10	8	800	1800	10	2	100	0	4	0	254	254	150	150	0	0	0
460	0	"Spider Eggs"			10	40000	0	500	540	410	0	750	280	3	0	2	7	800	1700	10	0	110	0	3	0	50	50	50	50	0	0	0
461	0	"Spider Eggs"			10	40000	0	500	540	410	0	750	280	3	0	2	7	800	1700	10	0	110	0	3	0	50	50	50	50	0	0	0
462	0	"Spider Eggs"			10	40000	0	500	540	410	0	750	280	3	0	2	7	800	1700	10	0	110	0	3	0	50	50	50	50	0	0	0
463	0	"Fire Flame Ghost"			149	25000	0	0	0	100	0	0	100	3	0	0	1	100	0	120	1	200	10	0	0	254	254	254	254	0	0	0
464	1	"Re-Initialization Helper"			2	10	0	10	10	10	1	10	10	0	0	0	0	0	0	0	0	0	0	0	0	0	0	0	0	0	0	0
465	1	"Santa Claus"			149	26000	0	370	410	400	0	550	200	4	3	5	6	400	2200	10	2	150	50	4	0	15	15	20	15	0	0	0
466	0	"Cursed Goblin"			70	12000	0	220	260	190	0	440	130	3	0	2	5	400	1800	10	2	300	200	3	0	8	8	8	8	0	0	0
467	1	"Snowman"			10	10	0	10	10	10	1	10	10	0	0	0	0	0	0	0	0	0	0	0	0	0	0	0	0	0	0	0
468	1	"Dasher"			10	10	0	10	10	10	1	10	10	0	0	0	0	0	0	0	0	0	0	0	0	0	0	0	0	0	0	0
469	1	"Kermit"			10	10	0	10	10	10	1	10	10	0	0	0	0	0	0	0	0	0	0	0	0	0	0	0	0	0	0	0
470	1	"Little Santa"			10	10	0	10	10	10	1	10	10	0	0	0	0	0	0	0	0	0	0	0	0	0	0	0	0	0	0	0
471	1	"Cupid"			10	10	0	10	10	10	1	10	10	0	0	0	0	0	0	0	0	0	0	0	0	0	0	0	0	0	0	0
472	1	"Prancer"			10	10	0	10	10	10	1	10	10	0	0	0	0	0	0	0	0	0	0	0	0	0	0	0	0	0	0	0
473	1	"Donner"			10	10	0	10	10	10	1	10	10	0	0	0	0	0	0	0	0	0	0	0	0	0	0	0	0	0	0	0
474	1	"Vixen"			10	10	0	10	10	10	1	10	10	0	0	0	0	0	0	0	0	0	0	0	0	0	0	0	0	0	0	0
475	1	"Blitzen"			10	10	0	10	10	10	1	10	10	0	0	0	0	0	0	0	0	0	0	0	0	0	0	0	0	0	0	0
476	0	"Cursed Santa"			149	26000	0	370	410	400	0	550	200	4	0	2	6	400	2200	10	2	150	50	4	0	15	15	20	15	0	0	0
477	0	"Transformed Snowman"			10	10	0	10	10	10	1	10	10	0	0	0	0	0	0	0	0	0	0	0	0	0	0	0	0	0	0	0
end